0
1
38
38
38
37
38
38
38
37
38
37
38
37
38
38
37
38
38
37
36
37
36
38
38
37
37
37
38
37
35
37
37
36
36
36
38
37
37
36
37
38
38
38
37
38
37
37
37
36
38
37
38
37
37
37
37
37
38
38
36
36
37
37
37
37
37
37
37
37
36
38
38
1580
1687
1758
1790
1775
1783
1792
1802
1808
1816
1818
1829
1833
1833
1838
1840
1839
1840
1847
1
1
1
1
1
1
1
1
1
1
1
1
1
1
1
1
1
1
1
0
41
38
39
38
38
39
38
38
39
39
37
38
38
38
37
38
38
38
38
38
38
38
37
37
37
38
38
37
38
38
38
38
37
37
38
38
38
1376
1646
1750
1790
1765
1782
1794
1802
1813
1819
1824
1829
1830
1837
1838
1840
1845
1845
1846
1834
1
1
1
1
1
0
1
1
1
0
1
1
1
1
1
1
1
1
1
1
42
39
41
39
39
38
39
38
38
38
39
39
37
38
39
38
38
38
37
39
38
1465
1665
1759
1793
1807
1784
1797
1805
1810
1817
1819
1827
1824
1831
1835
1835
1839
1841
1
1
0
0
1
1
1
1
1
1
1
0
1
1
1
1
1
1
1
1
1
39
39
39
38
37
38
38
39
38
38
38
38
38
38
38
38
37
38
38
37
37
37
38
38
38
37
37
38
37
38
37
38
37
36
38
37
37
37
37
37
36
36
37
37
37
38
38
37
38
38
38
38
39
1392
1641
1744
1778
1792
1767
1786
1787
1805
1809
1813
1818
1821
1829
1826
1829
1833
1832
1839
1838
1840
1842
1
1
1
1
1
1
1
1
1
1
1
1
1
1
1
1
1
1
1
0
41
38
38
38
38
36
37
37
38
38
38
38
37
36
37
37
38
36
36
37
37
38
37
36
38
37
38
37
38
37
38
36
37
37
38
38
36
37
37
38
38
36
37
38
37
37
36
37
36
36
38
1303
1629
1718
1769
1786
1771
1777
1787
1801
1803
1809
1810
1817
1819
1817
1823
1826
1832
1833
1834
1835
1839
1840
1840
1842
1841
1
0
1
1
1
1
1
1
1
1
1
1
1
1
1
1
1
1
1
38
38
37
37
36
37
36
35
36
37
38
38
37
37
36
37
37
36
36
38
36
37
36
37
1116
1598
1710
1768
1787
1771
1782
1790
1809
1810
1817
1821
1822
1826
1831
1829
1835
1834
1834
1838
1841
1
1
1
1
1
1
1
0
1
1
1
1
1
1
1
1
1
1
1
39
37
37
37
38
37
38
36
36
37
38
36
37
36
36
37
37
37
38
37
36
37
36
36
36
37
35
37
36
37
37
38
37
38
36
36
1190
1615
1707
1775
1760
1773
1792
1790
1805
1809
1818
1821
1826
1829
1833
1831
1832
1831
1831
1840
1842
1841
1
0
1
1
1
1
1
1
1
1
1
1
1
0
0
1
1
1
1
1
41
39
37
37
37
36
36
36
37
37
37
38
37
36
36
36
37
37
