0
1
0
0
0
1
0
0
0
0
1
0
1
0
0
0
1
0
0
0
1
1
0
0
0
0
1
0
0
0
0
129
141
129
129
127
127
125
124
125
128
7
7
7
7
7
7
7
7
7
7
140
148
137
137
135
136
134
133
133
132
132
131
131
130
130
129
126
125
1
0
1
0
0
0
1
1
0
0
0
0
0
0
0
0
0
0
0
1
0
0
0
0
0
0
1
1
0
0
0
146
135
128
128
127
126
125
124
123
123
0
0
0
0
0
0
0
0
1
0
1
0
0
1
0
0
7
0
0
0
0
0
0
1
1
0
0
0
129
142
130
128
127
126
126
125
123
125
0
0
0
0
0
0
1
0
0
0
1
0
0
0
0
0
1
0
1
0
0
0
0
0
1
1
0
0
1
0
0
0
0
0
0
1
147
135
128
133
128
127
126
126
125
124
1
0
0
0
0
0
0
0
0
0
1
0
0
0
0
10
7
7
7
7
7
7
155
141
136
136
134
133
133
132
132
131
131
130
132
130
131
129
128
129
128
10
0
0
0
0
0
1
1
0
0
0
0
0
0
0
0
1
151
134
129
128
127
125
124
123
122
122
0
1
0
0
0
0
0
1
0
0
0
0
0
0
0
0
1
0
0
0
0
0
1
0
0
0
0
1
1
0
1
0
0
10
7
151
137
130
129
128
127
125
124
124
122
0
0
1
0
0
1
0
0
0
0
0
0
0
0
0
0
0
1
1
0
0
0
0
0
0
0
0
0
0
0
0
0
0
0
0
0
0
148
135
128
127
127
126
126
124
124
122
0
0
7
1
0
0
0
0
1
0
0
0
0
1
0
0
0
0
0
1
0
0
0
0
0
0
0
0
0
1
0
143
131
128
128
128
129
128
128
128
128
128
7
7
7
7
7
7
7
7
7
7
150
137
135
134
133
133
132
132
131
131
128
127
126
124
123
0
1
0
0
0
0
0
1
0
0
0
0
0
0
0
1
0
0
0
0
0
0
0
0
0
1
0
0
0
0
0
0
0
146
134
129
127
126
124
124
123
124
0
0
1
0
0
1
0
0
0
0
0
1
1
8
1
1
1
0
0
0
0
0
0
0
0
1
0
0
0
0
149
136
128
127
127
126
124
124
122
122
1
0
0
1
0
0
0
0
0
1
0
0
0
0
0
0
0
0
0
0
0
0
7
7
7
7
7
151
140
137
137
134
135
135
133
134
133
132
132
131
130
130
130
130
129
128
129
128
7
7
7
7
7
7
7
7
0
148
134
130
129
128
126
125
124
122
122
0
0
1
0
0
0
0
0
0
0
0
0
0
0
0
0
0
0
0
0
0
0
0
1
0
0
0
1
0
0
