40
37
37
38
39
39
39
39
38
39
38
38
38
38
38
38
38
38
38
38
38
39
38
39
38
39
38
39
39
38
39
38
39
38
39
39
39
39
39
39
38
39
39
39
38
38
38
39
38
38
38
39
38
39
38
38
39
38
39
39
39
38
39
38
38
39
38
38
39
39
39
39
39
38
138
277
377
298
451
384
386
411
372
377
312
285
297
267
296
423
233
305
270
321
263
259
254
248
251
286
263
256
269
291
280
316
265
299
283
253
265
266
258
247
216
277
304
292
301
289
280
244
262
259
229
282
281
301
277
271
266
271
298
278
271
269
263
260
251
239
274
278
265
278
280
276
281
240
254
230
269
270
278
241
269
260
261
263
256
237
258
263
286
295
259
274
288
324
274
283
272
263
281
260
269
273
359
286
304
308
265
263
264
249
247
265
265
265
286
305
303
283
321
326
298
331
318
330
340
339
198
244
344
265
286
249
291
281
274
275
266
329
333
319
251
252
258
237
233
271
265
262
261
260
275
383
386
358
224
262
228
231
265
235
247
284
260
284
273
212
297
297
289
269
254
261
236
268
242
235
324
299
246
85
51
49
49
49
49
49
48
48
49
49
49
48
49
49
49
48
49
49
49
49
49
49
49
49
48
49
48
49
49
49
49
49
49
49
49
48
39
38
38
38
38
38
38
38
38
38
38
37
38
39
38
38
38
38
38
38
37
38
38
38
38
38
37
38
38
38
38
37
38
38
37
38
38
38
37
38
38
38
38
38
38
38
38
38
38
38
38
38
38
38
38
38
38
38
38
38
38
38
38
38
38
38
38
38
38
38
39
37
38
38
38
39
38
38
38
38
38
38
38
38
38
38
38
39
38
38
38
38
39
38
37
38
38
38
38
39
39
38
38
38
37
39
38
38
38
39
39
38
38
38
38
38
38
38
38
38
38
38
38
38
38
39
38
38
38
38
38
38
38
38
37
39
38
38
39
38
38
38
38
38
38
38
38
38
38
38
38
38
38
38
38
38
38
38
39
38
38
38
38
38
38
38
38
38
39
37
38
38
39
38
38
38
39
38
38
38
39
38
39
38
38
38
37
38
39
38
39
39
38
38
38
39
39
38
38
38
38
38
38
38
37
38
39
38
38
38
38
37
38
38
38
38
38
38
38
38
38
38
38
38
38
38
38
38
38
38
38
38
38
38
38
38
38
38
38
38
38
38
38
38
38
38
38
37
38
38
37
38
38
38
38
38
38
38
38
38
38
37
38
38
38
38
38
37
38
38
38
38
38
38
38
38
38
38
38
38
38
38
38
38
38
38
38
38
38
38
38
38
38
38
38
38
39
38
38
38
38
38
37
38
38
38
38
38
38
38
