12.222222
12.3
13.0
13.0
13.0
13.0
13.0
13.0
13.0
13.0
13.0
13.0
13.0
13.0
12.888889
13.0
12.833333
13.0
12.8
12.375
12.2
12.5
12.0
12.111111
12.25
12.5
12.777778
12.1
12.8
12.444445
12.5
12.888889
13.0
13.0
13.0
13.0
12.6
12.3
12.444445
12.5
13.0
12.9
12.888889
12.6
12.3
12.8
12.9
12.8
12.444445
12.4
12.4
12.777778
12.555555
12.6
12.333333
12.4
12.375
12.428572
12.5
12.1
12.222222
12.6
12.2
12.3
12.0
12.2
12.2
12.111111
13.0
13.0
13.0
13.0
13.0
13.0
12.9
13.0
12.777778
12.5
12.6
12.5
12.6
12.6
12.428572
12.8
12.5
12.555555
62.5
79.44444
80.8
80.333336
67.2
74.6
72.333336
67.5
71.5
64.57143
75.7
61.6
77.111115
63.9
68.3
70.55556
59.6
59.4
67.85714
70.0
47.0
46.3
46.555557
15.5
12.125
12.111111
12.142858
12.1
12.0
12.0
12.0
12.0
12.3
12.0
12.0
12.1
12.0
12.0
12.0
12.0
12.1
12.111111
12.1
12.0
12.0
12.0
12.0
12.0
12.3
12.4
12.666667
12.4
12.5
12.4
12.111111
12.1
12.714286
12.4
12.2
12.111111
12.0
12.0
12.3
12.125
12.333333
12.2
12.1
12.4
12.1
12.0
12.0
12.0
12.0
12.0
12.0
12.1
12.0
12.0
12.0
12.222222
12.5
12.222222
12.0
12.4
12.125
12.4
12.4
12.7
12.625
12.777778
12.1
12.0
12.0
12.0
12.0
12.0
12.0
12.1
12.111111
12.0
12.0
12.0
12.0
12.0
12.1
12.0
12.0
12.0
12.0
12.0
12.0
12.0
12.0
12.0
12.0
12.0
12.0
12.0
12.0
12.0
12.0
12.0
12.0
12.1
12.0
12.0
12.0
12.0
12.0
12.0
12.0
12.0
12.0
12.0
12.0
12.0
12.0
12.0
12.0
12.0
12.0
12.0
12.0
12.0
12.0
12.0
12.1
12.0
10.666667
9.6
10.8
10.8
12.0
12.0
12.0
12.0
12.0
12.0
12.0
12.0
12.0
12.0
12.0
12.0
12.0
12.0
12.0
12.0
12.0
12.0
12.0
12.0
12.0
12.0
12.0
12.0
12.0
12.0
12.0
12.0
12.0
12.0
12.0
12.0
12.0
12.0
12.0
12.0
12.0
12.0
12.0
12.0
12.0
12.0
12.0
12.0
12.0
12.0
12.0
12.0
12.0
12.0
12.0
12.0
12.1
12.5
12.9
12.8
12.111111
12.3
12.1
12.4
12.0
12.3
12.111111
12.0
12.7
12.7
12.571428
13.0
12.9
12.6
13.0
12.8
12.444445
12.857142
12.9
12.9
12.5
13.0
13.0
13.0
13.0
13.0
13.0
13.0
13.0
13.0
13.0
13.0
13.0
13.0
12.9
12.8
13.0
12.8
12.888889
13.0
13.0
13.0
13.0
13.0
13.0
13.0
12.9
13.0
12.9
12.777778
13.0
12.8
12.9
13.0
13.0
13.0
13.0
13.0
13.0
12.7
12.555555
12.6
12.3
13.0
12.9
13.0
12.9
13.0
13.0
13.0
12.8
12.888889
13.0
13.0
13.0
13.0
13.0
13.0
13.0
13.0
12.8
12.9
12.857142
12.9
13.0
12.9
13.0
13.0
13.0
13.0
13.0
12.8
12.888889
12.8
12.9
12.4
12.8
12.6
12.333333
12.7
12.5
12.1
12.3
12.111111
12.1
12.1
12.2
12.1
12.0
12.0
12.0
12.0
12.0
12.0
12.0
12.2
12.2
12.1
12.0
12.0
12.0
12.1
12.0
12.0
12.0
12.0
12.0
12.0
12.0
12.1
12.111111
12.1
12.0
12.1
12.0
12.125
12.1
12.2
12.2
12.5
12.2
12.222222
12.4
12.5
12.8
12.5
12.111111
12.2
12.3
12.5
12.8
12.666667
12.444445
13.0
12.5
12.222222
12.142858
12.555555
12.9
12.6
13.0
12.9
12.777778
12.8
12.6
12.4
12.1
12.222222
12.3
12.4
12.3
12.125
12.25
13.0
12.1
12.3
12.3
12.4
12.222222
12.5
12.3
12.6
12.5
12.666667
12.8
12.9
12.9
12.5
12.333333
12.4
12.7
12.5
12.6
12.714286
13.0
12.555555
13.0
12.4
12.777778
12.8
12.3
12.8
12.7
13.0
12.7
12.6
12.8
12.3
12.222222
12.375
12.5
12.3
12.6
12.111111
12.2
12.1
12.3
12.0
12.2
12.333333
12.3
12.0
12.0
12.6
12.444445
12.7
12.1
12.5
12.4
12.444445
12.5
12.4
12.7
12.6
12.555555
12.5
12.888889
12.333333
12.6
12.111111
12.0
12.0
12.0
12.0
12.0
12.0
12.0
12.0
12.0
12.0
12.0
12.0
12.0
12.0
12.0
12.0
12.0
12.0
12.0
12.0
12.0
12.0
12.0
12.0
12.0
12.0
12.0
12.0
12.0
12.0
12.0
12.0
12.0
12.0
12.0
12.0
12.0
12.0
12.0
12.0
12.0
12.0
12.1
12.0
12.0
12.0
12.0
12.2
12.0
12.1
12.0
12.1
12.1
12.222222
12.1
12.1
12.0
12.0
12.0
12.0
12.1
12.1
12.0
12.0
12.0
12.0
