0.0
0.0
0.0
0.0
0.0
0.0
0.0
0.0
0.0
0.0
0.0
0.0
0.0
0.0
0.0
0.0
0.0
0.0
0.0
0.0
0.0
0.0
0.0
0.0
0.0
0.0
0.0
0.0
0.0
0.0
0.0
0.0
0.0
0.0
0.0
0.0
0.0
0.0
0.0
0.0
0.0
0.0
0.0
0.0
0.0
0.0
0.0
0.0
0.0
0.0
0.0
0.0
0.0
0.0
0.0
0.0
0.0
0.0
0.0
0.0
0.0
0.0
0.0
0.0
0.0
0.0
0.0
0.0
0.0
0.0
0.0
0.0
0.0
0.0
0.0
0.0
0.0
0.0
0.0
0.0
0.0
0.0
0.0
0.0
0.0
0.0
0.0
0.0
0.0
0.0
0.0
0.0
0.0
0.0
0.0
0.0
0.0
0.0
0.0
0.0
0.0
0.0
0.0
0.0
0.0
0.0
0.0
0.0
0.0
0.0
0.0
0.0
3.4444444
32.0
100.333336
105.77778
1925.4445
1919.1111
1662.1111
1883.6
1713.2222
1833.6666
1846.0
1837.0
1854.7778
1822.5555
1845.0
1659.4445
168.8
146.44444
167.0
162.0
187.66667
1375.2
529.6667
199.66667
195.55556
139.4
207.11111
719.7778
990.3333
182.77777
154.5
176.77777
136.0
185.55556
1140.7778
162.88889
143.22223
175.5
139.77777
187.625
162.22223
141.77777
180.4
174.88889
177.22223
170.22223
128.4
196.44444
166.33333
151.22223
24.3
78.666664
16.666666
39.6
15.111111
55.555557
74.666664
125.7
112.333336
38.0
135.7
128.22223
108.625
184.33333
191.8
222.77777
61.333332
56.11111
166.88889
319.22223
181.55556
42.666668
96.4
153.33333
136.66667
153.77777
298.0
169.77777
131.0
39.6
35.666668
197.33333
399.66666
345.5
326.55554
118.888885
247.77777
424.9
439.55554
307.2
44.555557
52.22222
11.444445
0.33333334
0.0
0.0
0.0
0.0
0.0
0.0
0.0
0.0
0.0
0.0
0.0
0.0
0.0
0.0
0.0
0.0
0.0
0.0
0.0
0.0
0.0
0.0
0.0
0.0
0.0
0.0
0.0
0.0
0.0
0.0
0.0
0.0
0.0
0.0
0.0
0.0
0.0
0.0
0.0
0.0
0.0
0.0
0.0
0.0
0.0
0.0
0.0
0.0
0.0
0.0
0.0
0.0
0.0
0.0
0.0
0.0
0.0
0.0
0.0
0.0
0.0
0.0
0.0
0.0
0.0
0.0
0.0
0.0
0.0
0.0
0.0
0.0
0.0
0.0
0.0
0.0
0.0
0.0
0.0
0.0
0.0
0.0
0.0
0.0
0.0
0.0
0.0
0.0
0.0
0.0
0.0
0.0
0.0
0.0
0.0
0.0
0.0
0.0
0.0
0.0
0.0
0.0
0.0
0.0
0.0
0.0
0.0
0.0
0.0
0.0
0.0
0.0
0.0
0.0
0.0
0.0
0.0
0.0
0.0
0.0
0.0
0.0
0.0
0.0
0.0
0.0
0.0
0.0
0.0
0.0
0.0
0.0
0.0
0.0
0.0
0.0
0.0
0.0
0.0
0.0
0.0
0.0
0.0
0.0
0.0
0.0
0.0
0.0
0.0
0.0
0.0
0.0
0.0
0.0
0.0
0.0
0.0
0.0
0.0
0.0
0.0
0.0
0.0
0.0
0.0
0.0
0.0
0.0
0.0
0.0
0.0
0.0
0.0
0.0
0.0
0.0
0.0
0.0
0.0
0.0
0.0
0.0
0.0
0.0
0.0
0.0
0.0
0.0
0.0
0.0
0.0
0.0
0.0
0.0
0.0
0.0
0.0
0.0
0.0
0.0
0.0
0.0
0.0
0.0
0.0
0.0
0.0
0.0
0.0
0.0
0.0
0.0
0.0
0.0
0.0
0.0
0.0
0.0
0.0
0.0
0.0
0.0
0.0
0.0
0.0
1.1111112
12.666667
87.4
146.77777
2070.6667
1956.0
1911.8
1865.2222
364.33334
1832.2222
1855.2222
1833.4445
1866.0
1830.7778
1489.9
153.22223
140.44444
211.88889
172.8
177.33333
1696.7778
157.4
155.77777
162.77777
157.66667
183.88889
1325.3334
248.0
185.77777
161.55556
160.88889
192.77777
943.2222
155.3
138.55556
180.88889
193.7
159.33333
166.55556
196.22223
165.11111
165.44444
177.88889
144.44444
157.55556
157.11111
165.11111
186.2
32.333332
82.888885
16.444445
49.666668
13.888889
68.0
113.55556
131.11111
96.666664
58.7
132.0
159.11111
165.66667
262.22223
256.66666
97.333336
70.0
122.111115
270.55554
227.55556
40.11111
102.333336
115.77778
111.5
163.44444
207.44444
152.22223
137.8
34.77778
46.555557
174.0
301.6
285.66666
277.44446
113.333336
229.44444
359.1
368.33334
249.33333
44.0
56.4
1.0
0.33333334
0.0
0.0
0.0
0.0
0.0
0.0
0.0
0.0
0.0
0.0
0.0
0.0
0.0
0.0
0.0
0.0
0.0
0.0
0.0
0.0
0.0
0.0
0.0
0.0
0.0
0.0
0.0
0.0
0.0
0.0
0.0
0.0
0.0
0.0
0.0
0.0
0.0
0.0
0.0
0.0
0.0
0.0
0.0
0.0
0.0
0.0
0.0
0.0
0.0
0.0
0.0
0.0
0.0
0.0
0.0
0.0
0.0
0.0
0.0
0.0
0.0
0.0
0.0
0.0
0.0
0.0
0.0
0.0
0.0
0.0
0.0
0.0
0.0
0.0
0.0
0.0
0.0
0.0
