0.0
0.0
0.0
0.0
0.0
121.875
101.22222
105.375
115.375
114.111115
112.5
109.75
107.0
104.125
102.125
100.625
98.77778
97.333336
95.875
94.875
94.125
92.77778
91.75
90.888885
90.0
89.5
88.5
87.888885
87.125
86.875
86.375
85.875
85.25
86.125
93.111115
97.25
98.44444
99.25
99.55556
98.125
97.25
95.625
95.0
94.22222
93.875
93.625
93.22222
98.5
93.375
93.125
93.75
93.333336
93.0
93.25
93.0
92.875
92.875
92.75
93.22222
91.44444
88.0
86.333336
85.0
84.333336
83.5
83.22222
82.625
51.375
0.0
0.0
0.0
0.0
0.0
0.0
0.0
0.0
0.0
0.0
0.0
0.0
0.0
0.0
0.0
0.0
0.0
0.0
0.0
0.0
0.0
0.0
0.0
0.0
0.0
0.0
0.0
0.0
0.0
0.0
0.0
0.0
0.0
0.0
0.0
0.0
0.0
0.0
0.0
0.0
0.0
0.0
0.0
0.0
0.0
0.0
0.0
24.777779
95.125
89.625
89.44444
93.25
94.666664
94.25
95.375
96.0
95.875
94.44444
93.375
92.0
91.75
91.55556
91.5
91.333336
91.25
91.125
91.22222
91.333336
91.375
91.75
91.625
92.0
91.77778
91.57143
91.666664
93.5
91.0
88.0
86.375
85.375
84.44444
0.0
0.0
0.0
0.0
0.0
0.0
0.0
0.0
0.0
0.0
0.0
0.0
0.0
0.0
0.0
0.0
0.0
0.0
0.0
0.0
0.0
0.0
0.0
0.0
0.0
0.0
0.0
0.0
0.0
0.0
0.0
0.0
0.0
0.0
0.0
0.0
0.0
0.0
0.0
0.0
45.555557
90.888885
89.375
88.875
88.125
87.22222
86.5
86.125
85.5
85.0
84.625
56.0
0.0
0.0
0.0
0.0
0.0
0.0
0.0
0.0
0.0
30.777779
89.625
87.125
89.75
91.75
93.875
95.111115
94.888885
93.375
92.375
91.85714
91.25
91.14286
91.5
91.22222
91.375
91.625
91.5
91.25
91.375
91.666664
91.25
91.375
91.6
91.5
57.125
0.0
0.0
0.0
0.0
0.0
0.0
0.0
0.0
0.0
0.0
0.0
0.0
0.0
0.0
0.0
0.0
0.0
0.0
0.0
0.0
0.0
0.0
0.0
0.0
0.0
0.0
0.0
0.0
0.0
78.22222
90.5
89.55556
88.75
87.888885
87.25
86.0
85.625
85.375
85.0
84.25
65.0
0.0
0.0
0.0
0.0
0.0
0.0
0.0
0.0
0.0
0.0
0.0
0.0
0.0
0.0
0.0
0.0
0.0
0.0
0.0
0.0
0.0
0.0
0.0
0.0
0.0
0.0
39.0
93.55556
86.375
94.25
91.125
93.25
94.111115
93.375
92.55556
91.0
90.55556
90.666664
90.375
90.5
90.625
90.55556
90.75
90.77778
90.888885
90.875
91.0
90.75
91.0
91.0
91.0
92.71429
90.57143
92.44444
86.625
89.875
74.125
0.0
0.0
0.0
0.0
0.0
0.0
0.0
0.0
0.0
0.0
0.0
0.0
0.0
0.0
0.0
0.0
0.0
0.0
0.0
0.0
0.0
0.0
0.0
0.0
0.0
0.0
0.0
0.0
0.0
0.0
0.0
0.0
0.0
0.0
0.0
0.0
0.0
0.0
0.0
0.0
0.0
1.8888888
84.625
89.125
89.333336
88.125
87.5
86.75
86.111115
86.75
85.0
84.375
83.55556
11.444445
0.0
0.0
2.1111112
0.0
0.0
0.0
0.0
0.0
0.0
78.125
87.77778
87.75
90.55556
92.75
96.22222
98.22222
104.875
93.125
91.5
90.875
90.875
90.888885
90.888885
91.125
91.55556
91.5
91.375
91.625
91.22222
91.125
91.25
91.111115
91.28571
91.125
91.0
91.125
91.25
91.55556
91.55556
91.25
91.125
0.0
0.0
0.0
0.0
0.0
0.0
0.0
0.0
0.0
0.0
0.0
0.0
0.0
0.0
0.0
0.0
0.0
0.0
0.0
0.0
0.0
0.0
0.0
0.0
0.0
0.0
0.0
0.0
0.0
0.0
0.0
0.0
39.0
92.75
89.75
89.125
88.25
87.25
86.375
86.0
85.5
84.888885
84.125
83.888885
0.0
0.0
0.0
0.0
0.0
0.0
0.0
0.0
0.0
0.0
0.0
0.0
0.0
0.0
0.0
0.0
0.0
0.0
0.0
0.0
0.0
0.0
72.333336
88.0
87.22222
90.375
92.25
93.666664
94.125
93.375
92.22222
91.55556
90.75
91.111115
91.0
91.125
90.888885
90.85714
91.666664
91.75
91.44444
91.625
91.375
91.44444
91.375
91.25
91.333336
91.5
96.25
92.333336
91.111115
39.555557
0.0
0.0
0.0
0.0
0.0
0.0
0.0
0.0
0.0
0.0
0.0
0.0
0.0
0.0
0.0
0.0
0.0
0.0
0.0
0.0
0.0
0.0
0.0
0.0
0.0
0.0
0.0
0.0
0.0
0.0
0.0
0.0
0.0
0.0
64.666664
89.333336
88.875
88.625
88.0
87.125
86.333336
85.5
85.111115
84.625
84.5
27.777779
0.0
0.0
0.0
0.0
0.0
0.0
0.0
0.0
0.0
0.0
0.0
0.0
0.0
0.0
0.0
0.0
0.0
102.0
89.125
87.375
90.875
92.625
94.0
94.375
93.375
92.0
91.375
90.75
90.75
