14.1
14.222222
14.4
14.5
14.4
14.5
13.333333
12.9
13.6
13.5
13.777778
13.5
13.8
13.6
13.7
13.6
13.6
12.9
12.9
13.0
13.1
12.9
12.9
13.0
12.8
12.8
13.0
13.0
12.6
12.9
12.9
12.7
13.1
13.0
13.0
12.7
12.7
12.7
12.888889
12.9
13.1
13.0
12.888889
13.0
13.0
12.9
12.888889
12.9
13.0
13.4
14.0
13.8
13.9
13.5
13.8
13.444445
13.7
13.4
12.8
12.7
14.111111
14.2
14.2
14.4
14.222222
14.2
13.1
12.9
13.0
13.0
12.9
13.0
12.9
12.666667
12.9
13.0
12.9
13.0
13.0
13.0
12.8
13.1
13.333333
13.1
12.9
12.9
13.111111
12.9
12.9
13.0
13.0
12.888889
12.9
13.1
13.0
13.0
12.9
12.9
13.0
13.111111
13.0
13.0
13.1
12.8
13.0
12.9
13.1
13.0
13.222222
13.2
12.8
13.0
13.0
12.777778
12.8
13.0
13.2
13.111111
13.0
13.0
14.6
14.4
14.333333
14.2
14.6
14.5
13.0
13.1
12.8
13.0
13.0
13.1
13.0
12.9
12.8
12.888889
13.2
13.1
13.0
13.0
12.8
12.9
13.1
13.0
13.111111
12.9
12.7
13.1
13.0
12.9
13.1
13.1
13.0
12.9
12.9
12.9
13.1
13.222222
13.1
13.2
13.1
12.9
12.666667
12.9
12.8
12.9
13.222222
13.0
13.0
12.9
13.111111
13.0
13.0
12.8
13.1
13.0
13.0
13.0
12.9
13.0
14.1
14.2
14.4
14.333333
14.3
14.2
13.1
12.9
13.0
13.3
14.3
14.2
14.0
14.2
14.5
13.1
12.9
12.666667
12.8
12.9
13.0
13.0
13.0
13.0
13.1
12.888889
12.9
13.0
12.8
13.0
13.111111
12.7
12.7
12.8
12.9
12.888889
12.6
13.0
12.9
13.111111
13.0
12.8
13.1
12.888889
12.8
13.0
12.9
12.888889
13.0
13.0
12.8
12.9
12.888889
12.9
12.6
12.8
14.222222
13.1
12.8
12.7
14.1
14.111111
14.4
14.1
14.1
13.444445
12.8
12.9
13.0
12.8
13.111111
12.9
13.0
12.7
12.888889
13.0
12.8
13.0
12.888889
12.8
12.8
12.9
12.8
12.555555
12.8
12.8
12.9
13.0
12.8
12.9
12.7
12.555555
12.6
13.0
12.8
12.8
12.555555
13.0
12.9
12.6
12.777778
12.9
12.8
13.1
12.8
12.888889
12.7
12.8
12.9
12.777778
12.8
12.9
12.8
12.7
12.555555
12.8
12.8
13.0
12.888889
12.6
13.9
14.1
14.111111
14.2
14.2
14.1
12.777778
13.0
12.9
12.8
12.7
12.888889
12.8
12.9
13.0
12.888889
13.0
12.9
12.6
12.8
12.777778
12.6
12.7
12.9
13.111111
13.0
12.7
12.6
12.9
12.777778
12.8
12.8
12.888889
12.7
12.8
12.8
12.7
12.666667
12.8
13.0
12.8
12.777778
12.9
13.1
13.2
13.0
13.0
14.4
13.0
13.0
12.888889
12.9
12.7
12.8
12.888889
12.9
12.9
12.8
12.888889
12.8
14.0
14.1
14.3
14.0
14.2
13.7
12.9
12.555555
12.8
12.7
12.9
12.6
12.888889
12.9
13.0
12.9
13.0
12.9
13.0
13.1
12.7
12.888889
12.9
13.0
12.9
13.333333
12.9
12.7
14.1
12.666667
12.5
12.9
13.0
13.0
12.555555
12.8
12.7
12.9
13.0
12.9
12.9
12.9
12.888889
12.9
13.0
13.0
12.8
12.555555
12.9
12.7
12.9
12.777778
12.8
12.8
12.8
12.444445
12.9
12.9
12.9
13.0
14.777778
14.7
14.2
14.0
14.222222
13.8
12.8
12.8
13.0
13.0
13.0
12.9
12.9
12.888889
12.8
12.8
12.9
12.888889
12.8
12.6
12.9
12.555555
12.8
12.9
13.0
12.6
13.0
12.8
12.7
12.7
12.555555
12.9
12.6
12.7
12.7
13.0
13.0
12.8
12.9
12.666667
13.0
12.8
12.9
13.0
12.6
12.7
12.9
13.0
12.888889
12.9
12.8
13.1
13.111111
12.6
13.0
12.8
12.9
12.888889
12.9
12.7
13.9
14.222222
14.4
14.4
14.0
13.777778
12.6
12.7
12.8
12.888889
12.8
12.9
12.6
12.7
12.777778
13.0
12.9
12.8
12.666667
13.0
12.5
12.7
12.9
13.111111
12.9
12.7
12.8
12.666667
13.0
12.6
12.9
12.8
12.888889
12.9
13.0
13.0
13.0
12.8
12.8
12.9
12.777778
12.8
13.0
13.0
13.0
12.777778
12.8
13.0
13.0
12.888889
13.1
12.9
12.8
12.777778
12.8
12.8
12.8
12.7
14.333333
12.8
14.0
14.3
14.111111
14.2
14.1
14.0
12.888889
13.0
12.8
12.8
12.6
12.666667
12.9
13.0
13.0
12.777778
13.0
12.7
12.9
12.888889
12.8
12.7
12.9
12.8
13.0
13.0
12.6
12.9
12.888889
12.9
12.9
13.0
12.777778
12.9
12.9
12.9
13.0
13.0
13.0
12.9
12.7
12.666667
12.6
12.9
13.0
12.8
12.666667
13.1
12.9
12.9
12.888889
12.9
12.8
13.0
13.111111
13.1
13.1
12.8
12.3
12.777778
14.1
14.0
14.3
14.111111
14.1
13.8
13.0
12.8
12.777778
12.9
13.0
13.0
12.666667
12.8
12.8
12.9
12.9
12.555555
12.8
12.9
12.9
13.0
13.1
13.9
13.8
13.555555
13.6
13.9
13.6
13.9
13.444445
13.8
13.8
13.5
13.777778
13.9
13.5
13.9
13.6
15.0
13.1
12.8
13.0
12.777778
13.0
13.0
12.8
12.666667
13.0
13.0
13.0
13.0
12.8
13.0
12.9
12.9
13.0
13.0
12.8
12.7
14.4
14.222222
14.0
14.0
14.1
13.888889
14.3
12.8
13.0
13.0
13.2
13.5
13.7
13.7
13.555555
13.5
13.9
13.5
13.666667
13.0
12.9
12.9
13.1
13.777778
13.6
13.8
13.8
13.666667
13.7
13.5
13.8
13.2
12.888889
13.0
12.7
12.9
13.555555
13.7
13.8
13.7
14.0
13.7
13.6
13.6
13.5
13.0
13.6
13.6
13.9
13.6
13.555555
13.5
13.5
13.8
13.888889
13.0
13.0
12.9
12.8
12.666667
14.1
14.2
14.1
14.333333
14.3
14.1
12.9
13.444445
13.7
13.6
13.9
14.0
13.888889
13.7
13.6
13.7
13.7
13.444445
13.0
13.0
13.5
13.888889
13.8
13.8
13.6
13.8
13.666667
13.7
13.7
13.6
13.111111
13.1
12.9
13.0
13.0
12.888889
13.1
13.1
13.0
12.8
12.7
13.1
12.8
13.0
13.111111
12.9
13.2
13.0
13.0
13.0
13.1
13.0
13.2
13.111111
13.3
13.2
12.9
12.888889
13.2
13.1
14.4
14.4
14.444445
14.4
14.2
14.2
13.3
12.888889
13.0
12.9
13.3
14.222222
13.0
13.9
13.6
14.1
13.777778
13.5
13.1
12.9
12.888889
13.5
13.7
13.7
13.4
13.777778
13.9
13.6
13.9
13.6
13.666667
13.6
13.4
13.5
13.7
13.666667
13.7
13.7
13.4
12.888889
12.9
12.8
12.8
12.6
12.777778
12.8
12.7
12.7
12.888889
12.6
12.8
13.0
12.9
12.888889
13.2
12.9
12.9
13.0
12.555555
12.9
13.9
14.2
14.1
14.222222
14.0
13.9
12.9
12.666667
13.0
13.2
12.9
12.9
12.777778
12.8
13.1
13.0
12.7
12.777778
12.8
12.7
12.7
12.666667
12.9
12.9
13.0
12.7
12.777778
12.9
14.4
12.7
12.8
13.0
12.7
12.8
12.7
12.7
12.777778
12.9
12.7
12.9
12.777778
12.7
12.7
12.9
12.9
12.777778
12.9
13.1
12.9
12.9
12.888889
12.8
12.9
12.9
12.9
13.222222
13.0
13.0
12.7
12.8
14.333333
14.2
14.1
14.0
14.1
13.666667
13.0
12.7
13.0
13.0
12.9
12.9
12.8
12.8
12.7
12.888889
12.8
13.1
12.8
12.8
12.666667
12.8
12.8
13.0
13.0
13.1
12.9
13.0
13.0
13.0
13.0
12.9
12.8
12.9
12.888889
12.9
13.1
13.1
13.0
12.888889
12.8
12.7
13.0
13.2
12.777778
12.7
12.9
12.6
13.0
13.0
13.0
13.0
12.8
12.9
12.777778
13.1
13.0
13.0
12.8
13.0
14.0
14.2
14.3
14.0
14.333333
13.9
13.1
12.9
13.1
12.7
13.111111
12.9
13.0
13.0
12.8
12.666667
12.7
13.0
12.9
13.0
12.9
12.8
12.9
12.9
12.888889
13.0
12.9
13.1
12.9
13.0
13.0
12.9
12.9
12.7
13.0
12.8
13.1
13.1
12.9
13.0
12.888889
12.8
13.0
13.1
13.0
13.2
12.9
13.0
12.9
12.777778
13.0
13.1
12.8
13.0
13.0
13.0
13.1
12.9
12.9
13.0
14.0
14.0
15.5
14.1
14.1
13.555555
12.9
12.9
13.0
13.2
12.888889
13.0
12.9
13.0
13.1
13.111111
13.1
13.0
13.0
13.0
13.0
12.888889
13.0
13.0
12.9
12.9
12.777778
13.1
13.1
13.3
13.2
13.1
13.0
13.0
12.9
13.1
12.7
13.111111
13.0
13.0
13.2
13.1
13.111111
13.0
12.8
13.1
13.0
13.222222
13.0
13.0
13.0
12.9
13.0
13.111111
12.9
12.7
13.2
13.0
13.0
13.2
14.1
14.2
14.5
14.111111
14.1
14.0
13.1
13.1
13.0
13.0
13.0
14.1
13.1
13.111111
13.1
13.0
13.0
13.0
13.0
13.111111
13.0
12.9
13.0
13.0
12.8
13.0
13.1
13.1
12.7
13.0
13.0
13.1
13.2
13.1
12.9
12.888889
13.1
13.1
13.1
13.0
13.111111
13.3
13.2
13.0
12.9
13.1
13.0
12.9
13.1
13.2
13.1
12.7
13.0
13.0
13.1
13.0
13.2
13.0
12.9
12.8
14.1
14.2
14.111111
14.2
14.1
13.9
13.1
12.9
12.777778
12.9
13.0
13.1
12.8
13.0
13.111111
13.1
13.0
13.0
13.2
13.0
13.1
13.4
13.0
13.2
13.1
13.0
13.1
13.2
13.1
13.1
13.111111
13.2
13.2
12.9
13.0
13.1
13.222222
12.8
13.2
13.1
13.0
13.3
13.333333
13.1
13.2
13.2
13.2
13.111111
13.1
13.0
13.0
12.9
12.888889
13.1
12.9
13.1
14.2
13.0
13.222222
13.0
14.0
14.0
14.2
13.9
14.111111
13.8
12.9
13.0
13.0
13.0
13.0
12.9
13.0
12.7
12.9
12.888889
13.2
13.1
13.1
13.1
12.666667
12.8
12.9
13.0
13.1
13.2
13.111111
12.8
13.0
13.0
13.1
13.1
13.111111
13.2
12.9
13.0
12.9
12.9
13.111111
12.8
12.9
12.9
13.0
12.888889
12.7
13.1
13.0
13.2
13.0
12.777778
13.0
13.2
13.0
12.7
12.9
12.666667
13.2
13.2
13.1
13.0
14.222222
14.0
14.0
14.2
14.2
13.9
12.777778
13.0
13.0
13.1
13.1
13.2
12.888889
12.9
13.0
12.9
13.2
13.111111
13.0
13.1
12.9
13.0
13.0
13.1
12.888889
12.9
13.0
12.7
12.9
12.888889
13.0
12.7
13.1
12.9
13.0
12.777778
12.6
12.8
13.0
12.7
12.666667
12.7
12.7
12.7
13.0
12.9
12.888889
12.9
13.0
13.1
13.0
13.0
13.0
13.1
13.1
13.1
13.2
13.2
13.222222
13.0
14.0
14.4
14.1
14.222222
14.1
14.0
13.0
13.4
12.8
13.0
13.0
13.1
13.1
13.3
13.2
13.222222
13.2
13.0
13.1
13.1
13.0
12.888889
13.2
13.1
12.8
13.0
13.0
12.8
12.6
13.0
13.0
12.9
12.888889
12.8
12.8
12.9
12.9
12.9
13.0
14.4
13.0
12.9
12.9
13.0
13.111111
13.0
12.9
12.8
12.7
12.6
12.666667
12.9
12.9
12.8
12.7
13.0
12.9
12.9
12.7
12.9
13.9
14.0
14.1
14.1
14.1
13.9
12.4
13.0
13.1
12.8
12.8
12.8
13.0
13.0
12.9
12.8
12.7
13.0
13.0
12.8
12.5
12.8
12.8
12.9
13.222222
12.8
12.8
12.9
12.8
12.6
12.888889
12.9
12.8
12.8
12.7
12.9
12.888889
12.7
12.7
12.5
13.0
12.888889
13.0
12.8
12.8
12.8
13.2
12.777778
13.0
12.9
13.0
12.7
12.777778
12.9
12.9
12.7
12.7
12.8
12.7
13.222222
