94.1
92.111115
90.8
89.1
88.4
87.0
86.7
86.1
85.3
84.7
84.22222
84.0
83.6
82.7
68.0
10.0
10.1
10.0
10.1
10.0
10.0
10.0
10.0
10.0
10.0
10.0
10.0
10.6
10.8
10.9
10.9
10.9
11.0
11.0
10.8
11.0
11.0
10.888889
11.0
36.5
98.1
97.8
94.55556
92.5
90.8
89.8
88.77778
88.1
86.8
86.1
85.77778
85.0
84.4
84.2
84.1
75.44444
10.2
10.4
10.3
10.444445
10.3
10.5
10.5
10.5
10.666667
10.6
10.4
10.6
10.444445
10.6
10.4
10.6
10.777778
10.4
10.5
10.3
10.2
10.111111
10.1
10.1
10.3
96.77778
98.5
94.9
92.6
91.3
90.111115
89.1
91.9
87.2
86.77778
86.2
85.6
85.3
84.7
84.333336
84.1
25.2
10.3
10.555555
10.7
10.6
10.7
11.888889
10.7
10.5
10.5
10.6
10.555555
10.7
10.7
10.8
10.3
10.666667
10.6
10.3
10.5
10.555555
10.7
10.8
10.9
10.555555
54.3
98.3
96.8
93.7
91.888885
90.4
89.4
88.2
87.55556
87.0
86.2
85.7
85.2
84.77778
83.8
83.8
46.5
10.222222
10.5
10.5
10.5
10.444445
10.8
10.9
10.8
10.9
10.666667
10.7
10.9
10.7
10.666667
10.7
10.8
10.5
10.666667
11.0
10.8
10.8
11.0
10.888889
10.8
10.9
219.1
98.6
95.666664
93.2
91.6
90.2
89.44444
88.1
87.4
86.5
86.0
85.6
85.3
84.7
84.4
84.111115
18.1
10.6
10.9
10.888889
10.9
11.0
11.0
11.0
11.0
11.0
11.0
11.0
11.0
10.9
10.7
11.0
11.0
11.0
11.0
11.0
10.7
10.444445
10.6
10.4
10.9
79.55556
98.3
95.9
93.0
91.55556
89.8
88.9
88.1
87.1
86.666664
85.9
86.0
85.2
84.888885
84.6
84.1
25.4
11.0
10.777778
11.0
10.9
11.0
10.888889
10.9
11.0
11.0
11.0
10.9
10.7
10.7
10.8
10.555555
10.8
10.8
10.7
10.9
11.0
10.9
10.9
11.0
10.777778
45.5
98.6
97.8
93.888885
92.3
90.7
89.6
88.666664
87.7
87.0
86.4
86.0
85.111115
84.5
84.2
84.0
42.88889
10.4
10.4
10.6
10.8
11.0
10.9
10.9
11.0
10.888889
10.9
11.0
11.0
10.8
10.888889
11.0
10.9
11.0
10.888889
10.9
11.0
11.0
10.777778
11.0
10.9
37.3
98.8
98.333336
94.8
92.5
91.1
89.888885
89.1
88.2
87.7
86.8
86.111115
85.5
84.9
84.7
84.22222
25.3
10.8
10.9
10.777778
10.9
10.9
10.5
10.8
10.888889
10.9
10.7
10.9
10.444445
10.6
10.5
10.6
10.4
10.444445
10.7
10.4
10.4
10.444445
10.8
10.5
10.8
10.888889
80.0
98.7
95.3
92.888885
91.1
89.9
88.8
87.666664
87.1
86.6
85.9
85.1
84.666664
84.3
83.8
68.8
10.5
10.444445
10.6
10.5
10.7
10.888889
10.5
10.6
11.0
10.555555
10.5
10.3
10.2
10.555555
10.2
10.7
11.0
10.6
10.333333
10.4
10.7
10.6
10.444445
10.4
10.2
53.5
97.7
97.333336
93.5
92.0
90.0
88.888885
88.1
87.2
86.4
85.888885
84.9
84.4
84.2
84.22222
84.1
18.0
10.8
10.8
10.888889
11.1
11.0
11.0
11.0
10.7
10.7
10.8
10.6
10.555555
10.6
10.4
10.4
10.444445
10.6
10.5
10.7
10.7
10.444445
10.7
10.6
10.7
167.55556
98.1
98.6
95.1
92.888885
91.0
89.9
88.5
87.888885
87.3
86.3
85.6
85.1
84.55556
84.3
84.2
32.8
10.777778
10.7
11.0
10.9
10.8
10.888889
10.9
10.4
11.0
10.888889
11.0
10.9
11.0
10.888889
11.0
11.1
11.0
11.0
10.777778
10.9
10.9
10.6
11.0
10.4
33.9
96.8
98.55556
95.5
92.9
91.0
89.1
88.111115
87.3
86.5
85.9
85.111115
84.5
83.7
83.5
83.0
46.4
10.1
10.0
10.0
10.0
10.0
10.1
10.1
10.111111
10.0
10.2
10.1
10.4
10.222222
10.1
10.4
10.4
10.444445
10.2
10.2
10.1
10.0
10.2
10.2
10.0
10.1
31.11111
96.5
97.4
93.3
91.44444
90.0
88.9
88.2
87.5
86.77778
86.2
85.4
84.8
84.333336
83.5
83.9
53.8
10.0
10.2
10.3
10.0
10.111111
10.1
10.0
10.6
10.6
10.222222
10.8
10.5
10.4
10.777778
10.4
10.0
10.3
10.1
10.0
11.1
10.1
10.0
10.0
10.2
10.4
147.7
97.44444
98.3
94.5
92.2
90.333336
89.4
88.3
87.7
86.4
85.77778
85.1
84.3
84.1
83.77778
83.3
75.5
10.0
10.2
10.111111
10.2
10.1
10.5
10.333333
10.4
10.6
10.5
10.2
10.222222
10.3
10.4
10.1
10.0
10.0
10.0
10.0
10.0
10.0
10.4
10.2
10.5
10.444445
10.1
70.3
98.1
96.0
92.9
91.1
89.6
88.77778
87.6
86.8
86.8
86.0
85.55556
84.7
84.3
84.0
83.666664
39.5
10.2
10.3
10.555555
10.4
10.5
10.5
10.5
10.777778
10.5
10.8
10.8
10.555555
10.7
10.7
10.4
10.3
10.0
10.6
10.4
10.5
10.222222
10.5
10.6
10.5
10.888889
70.7
98.4
95.9
93.0
91.111115
89.7
88.7
88.0
87.111115
86.4
85.5
84.9
84.4
84.0
83.6
83.3
53.8
10.111111
10.1
10.1
10.2
10.0
10.333333
10.2
10.1
10.0
10.444445
10.2
10.0
10.0
10.0
10.0
10.0
10.3
10.2
10.444445
10.4
10.4
10.5
10.777778
10.7
10.5
36.9
98.0
98.44444
94.6
92.5
90.7
89.22222
88.6
88.1
86.8
86.6
86.0
85.2
85.0
84.5
84.0
83.6
17.3
10.6
10.5
10.333333
10.6
10.4
10.5
10.444445
10.4
10.3
10.3
10.111111
10.0
10.3
10.4
10.3
10.111111
10.2
10.1
10.1
10.222222
10.0
10.3
10.2
10.1
10.444445
89.7
98.8
95.3
93.22222
91.2
89.8
88.6
88.0
86.888885
86.2
85.7
85.3
84.666664
84.2
83.8
83.5
75.7
10.111111
10.1
10.2
10.5
10.666667
10.5
10.7
10.5
10.7
10.666667
10.6
10.5
10.1
10.3
10.333333
10.3
10.2
10.2
10.111111
10.4
10.4
10.4
10.888889
10.7
11.0
36.4
98.4
98.666664
94.8
92.8
91.1
89.77778
88.8
89.6
91.0
86.6
86.0
86.4
88.0
85.7
85.3
85.333336
84.8
84.5
84.1
84.0
83.6
28.8
10.2
11.0
10.888889
10.8
10.9
10.9
10.888889
11.0
10.9
11.0
11.0
11.0
10.9
10.9
10.9
10.888889
10.8
10.9
10.6
11.0
10.888889
11.0
10.9
10.9
137.7
96.888885
99.0
95.8
93.4
91.666664
90.3
89.1
88.3
88.0
87.55556
87.2
86.2
86.0
85.77778
85.2
84.7
84.1
83.9
51.11111
10.3
10.5
10.8
10.7
10.666667
10.4
10.8
10.6
11.888889
10.4
10.8
10.7
10.7
10.777778
10.8
11.0
10.7
10.8
10.777778
10.9
10.9
11.0
10.777778
11.0
10.9
88.5
99.4
96.22222
93.9
92.2
90.9
89.7
88.888885
88.0
87.3
86.5
85.9
85.44444
85.2
84.6
84.4
84.0
83.8
54.1
10.3
10.7
10.333333
10.8
10.5
10.6
10.5
10.111111
10.7
10.8
10.5
10.6
10.888889
10.4
10.6
10.5
10.444445
10.5
10.3
10.8
10.8
11.0
10.3
10.4
10.5
106.9
99.333336
96.6
93.6
92.3
90.9
89.77778
88.9
88.2
87.2
90.9
86.44444
86.1
85.4
85.0
84.8
84.55556
84.2
76.6
10.5
10.666667
10.7
10.8
10.9
10.8
10.666667
10.5
10.6
10.9
10.8
10.777778
10.6
10.6
10.5
11.0
10.888889
10.8
10.8
10.2
10.4
10.111111
10.2
10.4
10.4
62.7
98.77778
97.9
94.6
92.8
91.2
90.22222
89.4
88.3
87.5
86.9
92.22222
86.1
85.7
85.1
85.1
85.0
84.8
84.4
84.1
83.8
83.44444
76.0
10.2
10.4
10.8
10.666667
10.5
10.6
10.7
10.7
10.888889
10.9
11.0
11.0
10.7
10.666667
10.9
10.8
10.8
10.7
10.555555
10.3
10.7
10.8
10.9
10.888889
10.6
35.8
98.3
98.8
94.6
92.7
91.3
90.1
89.666664
88.3
87.5
86.8
86.4
85.7
85.111115
84.9
84.9
84.6
84.2
83.888885
83.9
46.9
10.3
10.5
10.666667
10.7
10.8
10.8
10.4
10.888889
10.7
10.5
11.0
10.7
10.555555
10.8
10.6
10.8
10.5
10.333333
11.8
10.7
10.9
10.9
10.8
11.0
19.1
98.1
99.1
95.4
93.44444
91.6
90.6
89.4
88.5
87.888885
87.6
90.7
86.5
85.7
85.111115
84.6
84.5
84.2
83.9
83.55556
39.5
10.4
10.0
10.2
10.3
10.111111
10.2
10.2
10.0
10.6
10.555555
10.5
10.7
10.6
10.7
16.0
10.6
11.2
10.5
10.4
10.555555
10.5
10.6
35.5
99.2
102.9
98.666664
96.6
94.7
93.2
92.4
91.55556
94.9
90.0
89.3
88.6
88.1
87.55556
87.4
86.6
86.1
85.9
85.77778
85.4
84.8
84.6
84.6
84.44444
84.1
83.7
83.6
32.2
10.111111
10.8
20.3
10.3
10.8
10.5
10.555555
10.5
10.6
10.8
10.4
10.666667
10.9
10.4
10.9
10.7
10.4
10.666667
10.7
10.7
10.5
28.0
96.55556
97.9
94.6
92.8
91.4
90.333336
89.4
88.9
88.2
87.4
86.9
86.888885
86.0
85.7
85.6
84.9
84.44444
83.9
83.5
83.7
83.1
83.1
83.0
10.0
10.3
10.4
10.3
10.333333
10.2
10.6
10.8
10.4
10.333333
10.3
10.0
10.6
10.8
10.6
10.222222
10.3
10.4
10.0
10.0
10.3
10.111111
10.1
10.0
10.4
79.7
98.44444
96.6
94.2
92.1
90.4
89.888885
89.0
88.4
88.2
87.2
86.7
86.22222
85.9
85.4
84.8
84.8
84.6
84.0
84.2
83.7
39.5
10.3
10.6
10.666667
10.6
11.0
10.8
10.8
10.888889
11.0
10.8
10.7
10.9
11.0
10.9
10.8
11.0
11.0
10.8
11.0
11.0
11.0
10.9
11.0
10.9
78.666664
99.1
96.8
94.1
92.6
90.9
90.22222
89.6
88.6
87.7
86.9
86.44444
86.2
85.6
85.3
84.9
92.9
84.22222
83.8
83.5
54.4
10.5
11.0
10.888889
10.8
10.8
11.0
10.9
11.0
10.9
10.9
10.9
10.7
10.9
11.0
10.8
10.6
11.0
10.7
10.777778
10.9
10.8
10.7
10.6
10.7
39.444443
97.7
98.2
94.8
92.9
91.5
90.666664
89.4
88.3
87.7
87.2
86.9
86.44444
85.9
84.7
84.4
84.3
83.77778
83.7
83.0
31.9
10.1
10.0
10.0
10.0
10.1
10.0
10.0
10.0
10.0
10.1
10.1
10.3
10.4
10.4
10.0
10.2
11.0
12.0
10.7
10.777778
10.9
11.0
10.8
10.8
19.7
97.333336
99.3
96.0
94.2
92.4
91.0
90.111115
89.0
88.5
88.0
87.1
86.8
86.333336
86.0
85.5
85.1
84.7
84.22222
83.9
54.8
10.6
10.8
10.9
11.0
11.0
10.8
10.5
10.9
11.0
11.0
11.0
11.0
11.0
10.9
10.9
10.888889
10.9
10.9
11.0
11.0
11.0
10.8
10.6
10.9
11.0
80.0
99.22222
97.1
94.3
92.9
91.6
90.3
89.55556
88.7
87.9
91.4
86.8
86.7
86.111115
85.2
85.4
84.7
84.2
84.1
43.11111
10.6
11.0
11.0
10.9
11.0
11.0
11.0
11.0
11.0
11.0
11.0
11.0
10.8
11.0
11.0
11.0
10.8
10.7
10.5
11.0
11.0
10.8
10.666667
10.7
10.6
80.4
99.7
97.0
94.6
92.7
91.3
90.6
89.6
88.888885
88.2
87.5
87.0
86.5
86.111115
85.5
84.9
84.8
83.8
83.5
10.0
10.3
10.1
10.4
10.3
10.2
10.666667
10.1
10.3
10.4
10.3
10.5
10.444445
10.4
10.6
10.8
11.0
11.0
10.7
10.7
10.8
10.9
10.8
11.0
10.7
10.5
98.1
102.8
96.5
97.888885
92.7
