102.1
101.888885
101.8
101.3
101.3
24.88889
6.0
73.0
102.0
102.0
44.666668
6.0
991.9
1993.7
1989.3
1991.1
1988.8
1988.6
1995.1
1992.0
1989.1
2003.3
1993.1
1981.1
1984.5
1995.4
1989.2
820.9
2.9
0.0
0.0
0.0
0.0
0.0
0.0
0.0
0.0
0.0
0.0
0.0
0.0
0.0
0.0
0.0
0.0
0.0
0.0
0.0
0.0
0.0
0.0
0.0
0.0
0.0
0.0
0.0
0.0
0.0
0.0
0.0
0.0
0.0
0.0
0.0
0.0
0.0
0.0
0.0
0.0
0.0
0.0
0.0
0.0
0.0
0.0
0.0
0.0
0.0
7.6
1.4
0.0
0.0
0.0
0.0
0.0
0.0
0.0
0.0
0.0
0.0
0.0
0.0
0.0
0.0
0.0
0.0
0.0
0.0
0.0
0.0
0.0
0.0
0.0
0.0
0.0
0.0
0.0
0.0
0.0
0.0
0.0
0.0
0.0
0.0
0.0
0.0
0.0
0.0
0.0
0.0
0.0
0.0
0.0
0.0
0.0
0.0
0.0
0.0
0.0
0.0
0.0
0.0
0.0
0.0
0.0
0.0
0.0
0.0
0.0
0.0
0.0
0.0
0.0
0.0
0.0
0.0
0.0
0.0
0.0
0.0
0.0
0.0
0.0
0.0
0.0
0.0
0.0
0.0
0.0
0.0
0.0
0.0
0.0
0.0
0.0
0.0
0.0
0.0
0.0
0.0
0.0
0.0
0.0
0.0
0.0
0.0
0.0
0.0
0.0
0.0
0.0
0.0
0.0
0.0
0.0
0.0
0.0
0.0
0.0
0.0
0.0
0.0
0.0
0.0
0.0
0.0
0.0
0.0
0.0
0.0
0.0
0.0
0.0
0.0
0.0
0.0
0.0
0.0
0.0
0.0
0.0
0.0
0.0
0.0
0.0
0.0
0.0
0.0
0.0
0.0
0.0
0.0
0.0
0.0
0.0
0.0
0.0
0.0
0.0
0.0
0.0
0.0
0.0
0.0
0.0
0.0
0.0
0.0
0.0
0.0
0.0
0.0
0.0
0.0
0.0
0.0
0.0
0.0
0.0
0.0
0.0
0.0
0.0
0.0
0.0
0.0
0.0
0.0
0.0
0.0
0.0
0.0
0.0
0.0
0.0
0.0
0.0
0.0
0.0
0.0
0.0
0.0
0.0
0.0
0.0
0.0
0.0
0.0
0.0
0.0
0.0
0.0
0.0
0.0
0.0
0.0
0.0
0.0
0.0
0.0
0.0
0.0
0.0
0.0
0.0
0.0
0.0
0.0
0.0
0.0
0.0
0.0
0.0
0.0
0.0
0.0
0.0
0.0
0.0
0.0
0.0
0.0
0.0
0.0
0.0
0.0
0.0
0.0
0.0
0.0
0.0
0.0
0.0
0.0
0.0
0.0
0.0
0.0
0.0
0.0
0.0
0.0
0.0
0.0
0.0
0.0
0.0
0.0
0.0
0.0
0.0
0.0
0.0
0.0
0.0
0.0
0.0
0.0
0.0
0.0
0.0
0.0
0.0
0.0
0.0
0.0
0.0
0.0
0.0
0.0
0.0
0.0
0.0
0.0
0.0
0.0
0.0
0.0
0.0
0.0
0.0
0.0
0.0
0.0
0.1
0.0
0.0
0.0
0.0
0.0
0.0
0.0
0.0
0.0
0.0
0.0
0.0
0.0
0.0
0.0
0.0
0.0
0.0
0.0
0.0
0.0
0.0
0.0
0.0
0.1
0.0
0.0
0.0
0.0
0.0
0.0
0.0
0.0
0.0
0.0
0.0
0.0
0.0
0.0
0.0
0.0
0.0
0.0
0.0
0.0
0.0
0.0
0.0
0.0
0.0
0.0
0.0
0.0
0.0
0.0
0.0
0.0
0.0
0.0
0.0
0.0
0.0
0.0
0.0
0.0
0.0
0.0
0.0
0.0
0.0
0.0
0.0
0.0
0.0
0.0
0.0
0.0
0.0
0.0
0.0
0.0
0.0
0.0
0.0
0.0
0.0
0.0
0.0
0.0
0.0
0.0
0.0
0.0
0.0
0.0
0.0
0.0
0.0
0.0
0.0
0.0
0.0
0.0
0.0
0.0
0.0
0.0
0.0
0.0
0.0
0.0
0.0
0.0
0.0
0.0
0.0
0.0
0.0
0.0
0.0
0.0
0.0
0.0
0.0
0.0
0.0
0.0
0.0
0.0
0.0
0.0
0.0
0.0
0.0
0.0
0.0
0.0
0.0
0.0
0.0
0.0
0.0
0.0
0.0
0.0
0.0
0.0
0.0
0.0
0.0
0.0
0.0
0.0
0.0
0.0
0.0
0.0
0.0
0.0
0.0
0.0
0.0
0.0
0.0
0.0
0.0
0.0
0.0
0.0
0.0
0.0
0.0
0.0
0.0
0.0
0.0
0.0
0.0
0.0
0.0
0.0
0.0
0.0
0.0
0.0
0.0
0.0
0.0
0.0
0.0
0.0
0.0
0.0
0.0
0.0
0.0
0.0
0.0
0.0
0.0
0.0
0.0
0.0
0.0
0.0
0.0
0.0
0.0
0.0
0.0
0.0
0.0
0.0
0.0
0.0
0.0
0.0
0.0
0.0
0.0
0.0
0.0
0.0
0.0
0.0
0.0
0.0
0.0
0.0
0.0
0.0
0.0
0.0
0.0
0.0
0.0
0.0
0.0
0.0
0.0
0.0
0.0
0.0
0.0
0.0
0.0
0.0
0.0
0.0
0.0
0.0
0.0
0.0
0.0
0.0
0.0
0.0
0.0
0.0
0.0
0.0
0.0
0.0
0.0
0.0
0.0
0.0
0.0
0.0
0.0
0.0
0.0
0.0
0.0
0.0
0.0
0.0
0.0
0.0
0.0
0.0
0.0
0.0
0.0
0.0
0.0
0.0
0.0
0.0
0.0
0.0
0.0
0.0
0.0
0.0
0.0
0.0
0.0
0.0
0.0
0.0
0.0
0.0
0.0
0.0
0.0
0.0
0.0
0.0
0.0
0.0
0.0
0.0
0.0
0.0
0.0
0.0
0.0
0.0
0.0
0.0
0.0
0.0
0.0
0.0
0.0
0.0
0.0
0.0
0.0
0.0
0.0
0.0
0.0
0.0
0.0
0.0
0.0
0.0
0.0
0.0
0.0
0.0
0.0
0.0
0.0
0.0
0.0
0.0
0.0
0.0
0.0
0.0
0.0
0.0
0.0
0.0
0.0
0.0
0.0
0.0
0.0
0.0
0.0
0.0
0.0
0.0
0.0
0.0
0.0
0.0
0.0
0.0
0.0
0.0
0.0
0.0
0.0
0.0
0.0
0.0
0.0
0.0
0.0
0.0
0.0
0.0
0.0
0.0
0.0
0.0
0.0
0.0
0.0
0.0
0.0
0.0
0.0
0.0
0.0
0.0
0.0
0.0
0.0
0.0
0.0
0.0
0.0
0.0
0.0
0.0
0.0
0.0
0.0
0.0
0.0
0.0
0.0
0.0
0.5
1.0
0.8888889
0.8
0.9
0.9
0.8888889
1.0
0.7
1.0
1.0
1.0
0.9
1.0
1.0
1.0
1.0
1.0
0.8
0.7
0.7777778
1.0
0.9
1.0
1.0
1.0
1.0
1.0
0.8
1.0
0.6
0.8
1.0
0.9
1.0
1.0
0.8
1.0
0.9
1.0
1.0
1.0
1.0
1.0
1.0
1.0
0.9
0.7
1.0
0.9
0.7
1.0
0.9
1.0
1.0
0.6
0.9
1.0
0.7777778
1.0
1.0
1.0
1.0
0.9
0.9
0.7
0.9
1.0
0.8
1.0
1.0
1.0
0.7777778
1.0
0.9
1.0
0.6
0.6666667
1.0
0.8
1.0
1.0
1.0
1.0
0.9
1.0
1.0
0.6
0.5
0.9
1.0
1.0
0.7
1.0
1.0
1.0
0.8888889
1.0
1.0
1.0
1.0
1.0
1.0
1.0
0.8
1.0
1.0
1.0
0.9
1.0
1.0
1.0
0.9
1.0
1.0
1.0
0.9
0.9
0.7
0.8
1.0
1.0
0.9
0.6
1.0
1.0
1.0
0.6
0.8
1.0
0.6666667
0.7
0.7
0.8
0.9
1.0
0.7
0.9
0.8
1.0
1.0
0.9
0.8
1.0
1.0
0.8888889
1.0
1.0
1.0
1.0
1.0
0.8
0.8
1.0
1.0
0.7777778
1.0
1.0
1.0
1.0
1.0
1.0
1.0
1.1
0.9
0.7777778
1.0
1.0
1.0
1.0
1.0
1.0
0.8
0.8
1.0
0.7777778
1.0
0.9
0.9
1.0
0.8888889
1.0
1.0
0.8
1.0
1.0
1.0
1.0
0.9
1.0
1.0
0.9
0.9
1.0
0.9
1.0
0.9
0.8
0.9
1.0
1.0
1.0
0.8
1.0
0.6
0.7777778
0.9
0.8
1.0
1.0
1.0
1.0
0.9
1.0
0.8
0.8888889
0.9
1.0
0.9
1.0
0.7777778
1.0
0.9
1.0
1.0
1.0
1.0
0.8
0.8
1.0
1.0
1.0
1.0
0.8
1.0
1.0
1.0
1.0
1.0
1.0
1.0
1.0
0.8
1.0
0.9
1.0
1.0
1.0
1.0
0.8
0.7
1.0
1.0
0.9
1.0
0.9
1.0
0.8888889
0.9
1.0
0.9
1.0
1.0
0.6
0.8
0.7
1.0
0.7777778
1.0
0.9
1.0
0.8
0.8
1.0
0.7
0.9
0.8
0.9
1.0
1.0
1.0
1.0
1.0
0.7
1.0
1.0
1.0
0.9
1.0
1.0
0.9
1.0
1.0
1.0
1.0
1.0
1.0
1.0
1.0
0.8888889
0.9
1.0
0.9
1.0
1.0
0.8888889
0.9
0.8
0.9
1.0
0.8888889
1.0
1.0
1.0
0.9
0.9
1.0
1.0
0.9
1.0
1.0
1.0
0.8
0.7
1.0
0.8
0.8888889
1.0
1.0
1.0
1.0
1.0
1.0
0.9
1.0
1.0
0.9
0.7777778
1.0
0.7
0.9
1.0
0.8
1.0
0.9
1.0
0.9
0.8
1.0
0.8
1.0
1.0
1.0
1.0
0.8
0.8
0.9
1.0
0.8
1.0
0.8888889
1.0
0.7
1.0
1.0
0.7777778
1.0
0.9
0.9
1.0
1.0
1.0
1.0
0.7
0.9
0.5
0.8888889
0.8
1.0
0.8
1.0
0.8888889
1.0
1.0
0.8
0.9
0.9
1.0
0.7
0.9
1.0
1.0
0.8
0.44444445
0.7
1.0
1.0
1.0
0.7777778
1.0
1.0
0.9
0.9
0.7777778
0.9
1.0
1.0
0.8
0.7
1.0
1.0
1.0
0.9
1.0
0.8
0.7777778
1.0
1.0
1.0
0.7
1.0
0.8888889
1.0
1.0
1.0
0.9
1.0
0.9
1.0
1.0
1.0
0.9
1.0
1.0
0.9
0.7
1.0
1.0
1.0
1.0
0.6
0.9
0.9
1.0
1.0
0.9
0.7
1.0
1.0
1.0
0.9
1.0
1.0
1.0
1.0
1.0
1.0
1.0
1.0
1.0
1.0
1.0
1.0
1.0
1.0
0.8
1.0
0.9
0.8
0.9
0.9
0.8
0.8888889
0.9
1.0
0.4
0.7
1.0
1.0
0.7
0.8
0.7
0.9
0.7777778
0.7
1.0
1.0
0.9
0.7
1.0
1.0
0.6
0.8
0.8
1.0
1.0
1.0
1.0
1.0
0.9
0.7777778
1.0
1.0
1.0
1.0
0.9
0.7777778
0.7
1.0
0.9
1.0
1.0
0.5555556
1.0
1.0
1.0
1.0
1.0
1.0
1.0
0.9
0.4
0.8
1.0
0.6666667
1.0
0.6
1.0
0.7
1.0
1.0
0.9
0.7
0.9
0.6
1.0
1.0
1.0
0.8
1.0
1.0
0.8888889
0.9
0.8
1.0
0.9
1.0
1.0
1.0
0.8
1.0
1.0
1.0
0.7
1.0
0.9
1.0
0.6
1.0
0.5
0.8
0.6
1.0
1.0
1.0
0.9
0.8
0.7
1.0
1.0
1.0
0.8
0.8
0.7
0.8
0.7777778
0.9
0.9
1.0
0.7
1.0
0.8888889
0.7
1.0
1.0
1.0
1.0
1.0
0.9
1.0
0.4
0.6
1.0
0.8888889
0.6
0.8
1.0
1.0
1.0
1.0
1.0
0.9
1.0
1.0
1.0
1.0
0.9
0.7
1.0
0.44444445
0.9
0.8
0.8
1.0
0.7
1.0
1.0
0.7
0.8
1.0
1.0
0.6666667
1.0
1.0
1.0
1.0
1.0
0.8888889
1.0
1.0
1.0
0.9
0.8888889
1.0
1.0
1.0
1.0
1.0
1.0
1.0
1.0
1.0
1.0
0.8
0.8888889
0.9
