let clipped := {(1,2,2),
(1,3,3),
(2,2,2),
(2,3,3),
(3,2,2),
(3,3,3),
(4,2,2),
(4,3,3),
(5,2,2),
(5,3,3),
(6,2,2),
(6,3,3),
(7,2,2),
(7,3,3),
(8,2,2),
(8,3,3),
(9,2,2),
(9,3,3),
(10,2,2),
(10,3,3),
(11,2,2),
(11,3,3),
(12,2,2),
(12,3,3),
(13,2,2),
(13,3,3),
(14,2,2),
(14,3,3),
(15,2,2),
(15,3,3),
(16,2,2),
(16,3,3),
(17,2,2),
(17,3,3),
(18,2,2),
(18,3,3),
(19,2,2),
(19,3,3),
(20,2,2),
(20,3,3),
(21,2,2),
(21,3,3),
(22,2,2),
(22,3,3),
(23,2,2),
(23,3,3),
(24,2,2),
(24,3,3),
(25,2,2),
(25,3,3),
(26,2,2),
(26,3,3),
(27,2,2),
(27,3,3),
(28,2,2),
(28,3,3),
(29,2,2),
(29,3,3),
(30,2,2),
(30,3,3),
(31,2,2),
(31,3,3),
(32,2,2),
(32,3,3),
(33,2,2),
(33,3,3),
(34,2,2),
(34,3,3),
(35,2,2),
(35,3,3),
(36,2,2),
(36,3,3),
(37,2,2),
(37,3,3),
(38,2,2),
(38,3,3),
(39,2,2),
(39,3,3),
(40,2,2),
(40,3,3),
(41,2,2),
(41,3,3),
(42,2,2),
(42,3,3),
(43,2,2),
(43,3,3),
(44,2,2),
(44,3,3),
(45,2,2),
(45,3,3),
(46,2,2),
(46,3,3),
(47,2,2),
(47,3,3),
(48,2,2),
(48,3,3),
(49,2,2),
(49,3,3),
(50,2,2),
(50,3,3),
(51,2,2),
(51,3,3),
(52,2,2),
(52,3,3),
(53,2,2),
(53,3,3),
(54,2,2),
(54,3,3),
(55,2,2),
(55,3,3),
(56,2,2),
(56,3,3),
(57,2,2),
(57,3,3),
(58,2,2),
(58,3,3),
(59,2,2),
(59,3,3),
(60,2,2),
(60,3,3),
(61,2,2),
(61,3,3),
(62,2,2),
(62,3,3),
(63,2,2),
(63,3,3),
(64,2,2),
(64,3,3),
(65,2,2),
(65,3,3),
(66,2,2),
(66,3,3),
(67,2,2),
(67,3,3),
(68,2,2),
(68,3,3),
(69,2,2),
(69,3,3),
(70,2,2),
(70,3,3),
(71,2,2),
(71,3,3),
(72,2,2),
(72,3,3),
(73,2,2),
(73,3,3),
(74,2,2),
(74,3,3),
(75,2,2),
(75,3,3),
(76,2,2),
(76,3,3),
(77,2,2),
(77,3,3),
(78,2,2),
(78,3,3),
(79,2,2),
(79,3,3),
(80,2,2),
(80,3,3),
(81,2,2),
(81,3,3),
(82,2,2),
(82,3,3),
(83,2,2),
(83,3,3),
(84,2,2),
(84,3,3),
(85,2,2),
(85,3,3),
(86,2,2),
(86,3,3),
(87,2,2),
(87,3,3),
(88,2,2),
(88,3,3),
(89,2,2),
(89,3,3),
(90,2,2),
(90,3,3),
(91,2,2),
(91,3,3),
(92,2,2),
(92,3,3),
(93,2,2),
(93,3,3),
(94,2,2),
(94,3,3),
(95,2,2),
(95,3,3),
(96,2,2),
(96,3,3),
(97,2,2),
(97,3,3),
(98,2,2),
(98,3,3),
(99,2,2),
(99,3,3),
(100,2,2),
(100,3,3),
(101,2,2),
(101,3,3),
(102,2,2),
(102,3,3),
(103,2,2),
(103,3,3),
(104,2,2),
(104,3,3),
(105,2,2),
(105,3,3),
(106,2,2),
(106,3,3),
(107,2,2),
(107,3,3),
(108,2,2),
(108,3,3),
(109,2,2),
(109,3,3),
(110,2,2),
(110,3,3),
(111,2,2),
(111,3,3),
(112,2,2),
(112,3,3),
(113,2,2),
(113,3,3),
(114,2,2),
(114,3,3),
(115,2,2),
(115,3,3),
(116,2,2),
(116,3,3),
(117,2,2),
(117,3,3),
(118,2,2),
(118,3,3),
(119,2,2),
(119,3,3),
(120,2,2),
(120,3,3),
(121,2,2),
(121,3,3),
(122,2,2),
(122,3,3),
(123,2,2),
(123,3,3),
(124,2,2),
(124,3,3),
(125,2,2),
(125,3,3),
(126,2,2),
(126,3,3),
(127,2,2),
(127,3,3),
(128,2,2),
(128,3,3),
(129,2,2),
(129,3,3),
(130,2,2),
(130,3,3),
(131,2,2),
(131,3,3),
(132,2,2),
(132,3,3),
(133,2,2),
(133,3,3),
(134,2,2),
(134,3,3),
(135,2,2),
(135,3,3),
(136,2,2),
(136,3,3),
(137,2,2),
(137,3,3),
(138,2,2),
(138,3,3),
(139,2,2),
(139,3,3),
(140,2,2),
(140,3,3),
(141,2,2),
(141,3,3),
(142,2,2),
(142,3,3),
(143,2,2),
(143,3,3),
(144,2,2),
(144,3,3),
(145,2,2),
(145,3,3),
(146,2,2),
(146,3,3),
(147,2,2),
(147,3,3),
(148,2,2),
(148,3,3),
(149,2,2),
(149,3,3),
(150,2,2),
(150,3,3),
(151,2,2),
(151,3,3),
(152,2,2),
(152,3,3),
(153,2,2),
(153,3,3),
(154,2,2),
(154,3,3),
(155,2,2),
(155,3,3),
(156,2,2),
(156,3,3),
(157,2,2),
(157,3,3),
(158,2,2),
(158,3,3),
(159,2,2),
(159,3,3),
(160,2,2),
(160,3,3),
(161,2,2),
(161,3,3),
(162,2,2),
(162,3,3),
(163,2,2),
(163,3,3),
(164,2,2),
(164,3,3),
(165,2,2),
(165,3,3),
(166,2,2),
(166,3,3),
(167,2,2),
(167,3,3),
(168,2,2),
(168,3,3),
(169,2,2),
(169,3,3),
(170,2,2),
(170,3,3),
(171,2,2),
(171,3,3),
(172,2,2),
(172,3,3),
(173,2,2),
(173,3,3),
(174,2,2),
(174,3,3),
(175,2,2),
(175,3,3),
(176,2,2),
(176,3,3),
(177,2,2),
(177,3,3),
(178,2,2),
(178,3,3),
(179,2,2),
(179,3,3),
(180,2,2),
(180,3,3),
(181,2,2),
(181,3,3),
(182,2,2),
(182,3,3),
(183,2,2),
(183,3,3),
(184,2,2),
(184,3,3),
(185,2,2),
(185,3,3),
(186,2,2),
(186,3,3),
(187,2,2),
(187,3,3),
(188,2,2),
(188,3,3),
(189,2,2),
(189,3,3),
(190,2,2),
(190,3,3),
(191,2,2),
(191,3,3),
(192,2,2),
(192,3,3),
(193,2,2),
(193,3,3),
(194,2,2),
(194,3,3),
(195,2,2),
(195,3,3),
(196,2,2),
(196,3,3),
(197,2,2),
(197,3,3),
(198,2,2),
(198,3,3),
(199,2,2),
(199,3,3),
(200,2,2),
(200,3,3),
(201,2,2),
(201,3,3),
(202,2,2),
(202,3,3),
(203,2,2),
(203,3,3),
(204,2,2),
(204,3,3),
(205,2,2),
(205,3,3),
(206,2,2),
(206,3,3),
(207,2,2),
(207,3,3),
(208,2,2),
(208,3,3),
(209,2,2),
(209,3,3),
(210,2,2),
(210,3,3),
(211,2,2),
(211,3,3),
(212,2,2),
(212,3,3),
(213,2,2),
(213,3,3),
(214,2,2),
(214,3,3),
(215,2,2),
(215,3,3),
(216,2,2),
(216,3,3),
(217,2,2),
(217,3,3),
(218,2,2),
(218,3,3),
(219,2,2),
(219,3,3),
(220,2,2),
(220,3,3),
(221,2,2),
(221,3,3),
(222,2,2),
(222,3,3),
(223,2,2),
(223,3,3),
(224,2,2),
(224,3,3),
(225,2,2),
(225,3,3),
(226,2,2),
(226,3,3),
(227,2,2),
(227,3,3),
(228,2,2),
(228,3,3),
(229,2,2),
(229,3,3),
(230,2,2),
(230,3,3),
(231,2,2),
(231,3,3),
(232,2,2),
(232,3,3),
(233,2,2),
(233,3,3),
(234,2,2),
(234,3,3),
(235,2,2),
(235,3,3),
(236,2,2),
(236,3,3),
(237,2,2),
(237,3,3),
(238,2,2),
(238,3,3),
(239,2,2),
(239,3,3),
(240,2,2),
(240,3,3),
(241,2,2),
(241,3,3),
(242,2,2),
(242,3,3),
(243,2,2),
(243,3,3),
(244,2,2),
(244,3,3),
(245,2,2),
(245,3,3),
(246,2,2),
(246,3,3),
(247,2,2),
(247,3,3),
(248,2,2),
(248,3,3),
(249,2,2),
(249,3,3),
(250,2,2),
(250,3,3),
(251,2,2),
(251,3,3),
(252,2,2),
(252,3,3),
(253,2,2),
(253,3,3),
(254,2,2),
(254,3,3),
(255,2,2),
(255,3,3),
(256,2,2),
(256,3,3),
(257,2,2),
(257,3,3),
(258,2,2),
(258,3,3),
(259,2,2),
(259,3,3),
(260,2,2),
(260,3,3),
(261,2,2),
(261,3,3),
(262,2,2),
(262,3,3),
(263,2,2),
(263,3,3),
(264,2,2),
(264,3,3),
(265,2,2),
(265,3,3),
(266,2,2),
(266,3,3),
(267,2,2),
(267,3,3),
(268,2,2),
(268,3,3),
(269,2,2),
(269,3,3),
(270,2,2),
(270,3,3),
(271,2,2),
(271,3,3),
(272,2,2),
(272,3,3),
(273,2,2),
(273,3,3),
(274,2,2),
(274,3,3),
(275,2,2),
(275,3,3),
(276,2,2),
(276,3,3),
(277,2,2),
(277,3,3),
(278,2,2),
(278,3,3),
(279,2,2),
(279,3,3),
(280,2,2),
(280,3,3),
(281,2,2),
(281,3,3),
(282,2,2),
(282,3,3),
(283,2,2),
(283,3,3),
(284,2,2),
(284,3,3),
(285,2,2),
(285,3,3),
(286,2,2),
(286,3,3),
(287,2,2),
(287,3,3),
(288,2,2),
(288,3,3),
(289,2,2),
(289,3,3),
(290,2,2),
(290,3,3),
(291,2,2),
(291,3,3),
(292,2,2),
(292,3,3),
(293,2,2),
(293,3,3),
(294,2,2),
(294,3,3),
(295,2,2),
(295,3,3),
(296,2,2),
(296,3,3),
(297,2,2),
(297,3,3),
(298,2,2),
(298,3,3),
(299,2,2),
(299,3,3),
(300,2,2),
(300,3,3),
(301,2,2),
(301,3,3),
(302,2,2),
(302,3,3),
(303,2,2),
(303,3,3),
(304,2,2),
(304,3,3),
(305,2,2),
(305,3,3),
(306,2,2),
(306,3,3),
(307,2,2),
(307,3,3),
(308,2,2),
(308,3,3),
(309,2,2),
(309,3,3),
(310,2,2),
(310,3,3),
(311,2,2),
(311,3,3),
(312,2,2),
(312,3,3),
(313,2,2),
(313,3,3),
(314,2,2),
(314,3,3),
(315,2,2),
(315,3,3),
(316,2,2),
(316,3,3),
(317,2,2),
(317,3,3),
(318,2,2),
(318,3,3),
(319,2,2),
(319,3,3),
(320,2,2),
(320,3,3),
(321,2,2),
(321,3,3),
(322,2,2),
(322,3,3),
(323,2,2),
(323,3,3),
(324,2,2),
(324,3,3),
(325,2,2),
(325,3,3),
(326,2,2),
(326,3,3),
(327,2,2),
(327,3,3),
(328,2,2),
(328,3,3),
(329,2,2),
(329,3,3),
(330,2,2),
(330,3,3),
(331,2,2),
(331,3,3),
(332,2,2),
(332,3,3),
(333,2,2),
(333,3,3),
(334,2,2),
(334,3,3),
(335,2,2),
(335,3,3),
(336,2,2),
(336,3,3),
(337,2,2),
(337,3,3),
(338,2,2),
(338,3,3),
(339,2,2),
(339,3,3),
(340,2,2),
(340,3,3),
(341,2,2),
(341,3,3),
(342,2,2),
(342,3,3),
(343,2,2),
(343,3,3),
(344,2,2),
(344,3,3),
(345,2,2),
(345,3,3),
(346,2,2),
(346,3,3),
(347,2,2),
(347,3,3),
(348,2,2),
(348,3,3),
(349,2,2),
(349,3,3),
(350,2,2),
(350,3,3),
(351,2,2),
(351,3,3),
(352,2,2),
(352,3,3),
(353,2,2),
(353,3,3),
(354,2,2),
(354,3,3),
(355,2,2),
(355,3,3),
(356,2,2),
(356,3,3),
(357,2,2),
(357,3,3),
(358,2,2),
(358,3,3),
(359,2,2),
(359,3,3),
(360,2,2),
(360,3,3),
(361,2,2),
(361,3,3),
(362,2,2),
(362,3,3),
(363,2,2),
(363,3,3),
(364,2,2),
(364,3,3),
(365,2,2),
(365,3,3),
(366,2,2),
(366,3,3),
(367,2,2),
(367,3,3),
(368,2,2),
(368,3,3),
(369,2,2),
(369,3,3),
(370,2,2),
(370,3,3),
(371,2,2),
(371,3,3),
(372,2,2),
(372,3,3),
(373,2,2),
(373,3,3),
(374,2,2),
(374,3,3),
(375,2,2),
(375,3,3),
(376,2,2),
(376,3,3),
(377,2,2),
(377,3,3),
(378,2,2),
(378,3,3),
(379,2,2),
(379,3,3),
(380,2,2),
(380,3,3),
(381,2,2),
(381,3,3),
(382,2,2),
(382,3,3),
(383,2,2),
(383,3,3),
(384,2,2),
(384,3,3),
(385,2,2),
(385,3,3),
(386,2,2),
(386,3,3),
(387,2,2),
(387,3,3),
(388,2,2),
(388,3,3),
(389,2,2),
(389,3,3),
(390,2,2),
(390,3,3),
(391,2,2),
(391,3,3),
(392,2,2),
(392,3,3),
(393,2,2),
(393,3,3),
(394,2,2),
(394,3,3),
(395,2,2),
(395,3,3),
(396,2,2),
(396,3,3),
(397,2,2),
(397,3,3),
(398,2,2),
(398,3,3),
(399,2,2),
(399,3,3),
(400,2,2),
(400,3,3),
(401,2,2),
(401,3,3),
(402,2,2),
(402,3,3),
(403,2,2),
(403,3,3),
(404,2,2),
(404,3,3),
(405,2,2),
(405,3,3),
(406,2,2),
(406,3,3),
(407,2,2),
(407,3,3),
(408,2,2),
(408,3,3),
(409,2,2),
(409,3,3),
(410,2,2),
(410,3,3),
(411,2,2),
(411,3,3),
(412,2,2),
(412,3,3),
(413,2,2),
(413,3,3),
(414,2,2),
(414,3,3),
(415,2,2),
(415,3,3),
(416,2,2),
(416,3,3),
(417,2,2),
(417,3,3),
(418,2,2),
(418,3,3),
(419,2,2),
(419,3,3),
(420,2,2),
(420,3,3),
(421,2,2),
(421,3,3),
(422,2,2),
(422,3,3),
(423,2,2),
(423,3,3),
(424,2,2),
(424,3,3),
(425,2,2),
(425,3,3),
(426,2,2),
(426,3,3),
(427,2,2),
(427,3,3),
(428,2,2),
(428,3,3),
(429,2,2),
(429,3,3),
(430,2,2),
(430,3,3),
(431,2,2),
(431,3,3),
(432,2,2),
(432,3,3),
(433,2,2),
(433,3,3),
(434,2,2),
(434,3,3),
(435,2,2),
(435,3,3),
(436,2,2),
(436,3,3),
(437,2,2),
(437,3,3),
(438,2,2),
(438,3,3),
(439,2,2),
(439,3,3),
(440,2,2),
(440,3,3),
(441,2,2),
(441,3,3),
(442,2,2),
(442,3,3),
(443,2,2),
(443,3,3),
(444,2,2),
(444,3,3),
(445,2,2),
(445,3,3),
(446,2,2),
(446,3,3),
(447,2,2),
(447,3,3),
(448,2,2),
(448,3,3),
(449,2,2),
(449,3,3),
(450,2,2),
(450,3,3),
(451,2,2),
(451,3,3),
(452,2,2),
(452,3,3),
(453,2,2),
(453,3,3),
(454,2,2),
(454,3,3),
(455,2,2),
(455,3,3),
(456,2,2),
(456,3,3),
(457,2,2),
(457,3,3),
(458,2,2),
(458,3,3),
(459,2,2),
(459,3,3),
(460,2,2),
(460,3,3),
(461,2,2),
(461,3,3),
(462,2,2),
(462,3,3),
(463,2,2),
(463,3,3),
(464,2,2),
(464,3,3),
(465,2,2),
(465,3,3),
(466,2,2),
(466,3,3),
(467,2,2),
(467,3,3),
(468,2,2),
(468,3,3),
(469,2,2),
(469,3,3),
(470,2,2),
(470,3,3),
(471,2,2),
(471,3,3),
(472,2,2),
(472,3,3),
(473,2,2),
(473,3,3),
(474,2,2),
(474,3,3),
(475,2,2),
(475,3,3),
(476,2,2),
(476,3,3),
(477,2,2),
(477,3,3),
(478,2,2),
(478,3,3),
(479,2,2),
(479,3,3),
(480,2,2),
(480,3,3),
(481,2,2),
(481,3,3),
(482,2,2),
(482,3,3),
(483,2,2),
(483,3,3),
(484,2,2),
(484,3,3),
(485,2,2),
(485,3,3),
(486,2,2),
(486,3,3),
(487,2,2),
(487,3,3),
(488,2,2),
(488,3,3),
(489,2,2),
(489,3,3),
(490,2,2),
(490,3,3),
(491,2,2),
(491,3,3),
(492,2,2),
(492,3,3),
(493,2,2),
(493,3,3),
(494,2,2),
(494,3,3),
(495,2,2),
(495,3,3),
(496,2,2),
(496,3,3),
(497,2,2),
(497,3,3),
(498,2,2),
(498,3,3),
(499,2,2),
(499,3,3),
(500,2,2),
(500,3,3),
(501,2,2),
(501,3,3),
(502,2,2),
(502,3,3),
(503,2,2),
(503,3,3),
(504,2,2),
(504,3,3),
(505,2,2),
(505,3,3),
(506,2,2),
(506,3,3),
(507,2,2),
(507,3,3),
(508,2,2),
(508,3,3),
(509,2,2),
(509,3,3),
(510,2,2),
(510,3,3),
(511,2,2),
(511,3,3),
(512,2,2),
(512,3,3),
(513,2,2),
(513,3,3),
(514,2,2),
(514,3,3),
(515,2,2),
(515,3,3),
(516,2,2),
(516,3,3),
(517,2,2),
(517,3,3),
(518,2,2),
(518,3,3),
(519,2,2),
(519,3,3),
(520,2,2),
(520,3,3),
(521,2,2),
(521,3,3),
(522,2,2),
(522,3,3),
(523,2,2),
(523,3,3),
(524,2,2),
(524,3,3),
(525,2,2),
(525,3,3),
(526,2,2),
(526,3,3),
(527,2,2),
(527,3,3),
(528,2,2),
(528,3,3),
(529,2,2),
(529,3,3),
(530,2,2),
(530,3,3),
(531,2,2),
(531,3,3),
(532,2,2),
(532,3,3),
(533,2,2),
(533,3,3),
(534,2,2),
(534,3,3),
(535,2,2),
(535,3,3),
(536,2,2),
(536,3,3),
(537,2,2),
(537,3,3),
(538,2,2),
(538,3,3),
(539,2,2),
(539,3,3),
(540,2,2),
(540,3,3),
(541,2,2),
(541,3,3),
(542,2,2),
(542,3,3),
(543,2,2),
(543,3,3),
(544,2,2),
(544,3,3),
(545,2,2),
(545,3,3),
(546,2,2),
(546,3,3),
(547,2,2),
(547,3,3),
(548,2,2),
(548,3,3),
(549,2,2),
(549,3,3),
(550,2,2),
(550,3,3),
(551,2,2),
(551,3,3),
(552,2,2),
(552,3,3),
(553,2,2),
(553,3,3),
(554,2,2),
(554,3,3),
(555,2,2),
(555,3,3),
(556,2,2),
(556,3,3),
(557,2,2),
(557,3,3),
(558,2,2),
(558,3,3),
(559,2,2),
(559,3,3),
(560,2,2),
(560,3,3),
(561,2,2),
(561,3,3),
(562,2,2),
(562,3,3),
(563,2,2),
(563,3,3),
(564,2,2),
(564,3,3),
(565,2,2),
(565,3,3),
(566,2,2),
(566,3,3),
(567,2,2),
(567,3,3),
(568,2,2),
(568,3,3),
(569,2,2),
(569,3,3),
(570,2,2),
(570,3,3),
(571,2,2),
(571,3,3),
(572,2,2),
(572,3,3),
(573,2,2),
(573,3,3),
(574,2,2),
(574,3,3),
(575,2,2),
(575,3,3),
(576,2,2),
(576,3,3),
(577,3,3),
(601,3,3),
(604,3,3),
(605,2,2),
(605,3,3),
(606,3,3),
(607,2,2),
(607,3,3),
(609,3,3),
(610,2,2),
(610,3,3),
(611,2,2),
(611,3,3),
(612,2,2),
(612,3,3),
(613,2,2),
(613,3,3),
(614,2,2),
(614,3,3),
(615,2,2),
(615,3,3),
(616,2,2),
(616,3,3),
(617,2,2),
(617,3,3),
(618,2,2),
(618,3,3),
(619,2,2),
(619,3,3),
(620,2,2),
(620,3,3),
(621,2,2),
(621,3,3),
(622,2,2),
(622,3,3),
(623,2,2),
(623,3,3),
(624,2,2),
(624,3,3),
(625,2,2),
(625,3,3),
(626,2,2),
(626,3,3),
(627,2,2),
(627,3,3),
(628,2,2),
(628,3,3),
(629,2,2),
(629,3,3),
(630,2,2),
(630,3,3),
(631,2,2),
(631,3,3),
(632,2,2),
(632,3,3),
(633,2,2),
(633,3,3),
(634,2,2),
(634,3,3),
(635,2,2),
(635,3,3),
(636,2,2),
(636,3,3),
(637,2,2),
(637,3,3),
(638,2,2),
(638,3,3),
(639,2,2),
(639,3,3),
(640,2,2),
(640,3,3),
(641,2,2),
(641,3,3),
(642,2,2),
(642,3,3),
(643,3,3),
(644,2,2),
(644,3,3),
(645,2,2),
(645,3,3),
(646,2,2),
(646,3,3),
(647,2,2),
(647,3,3),
(648,2,2),
(648,3,3),
(649,2,2),
(649,3,3),
(650,3,3),
(651,2,2),
(651,3,3),
(652,2,2),
(652,3,3),
(653,2,2),
(653,3,3),
(669,2,2),
(669,3,3),
(670,2,2),
(670,3,3),
(671,2,2),
(671,3,3),
(672,2,2),
(672,3,3),
(673,2,2),
(673,3,3),
(674,2,2),
(674,3,3),
(675,2,2),
(675,3,3),
(676,2,2),
(676,3,3),
(677,2,2),
(677,3,3),
(678,2,2),
(678,3,3),
(679,2,2),
(679,3,3),
(680,2,2),
(680,3,3),
(681,2,2),
(681,3,3),
(682,2,2),
(682,3,3),
(683,2,2),
(683,3,3),
(684,2,2),
(684,3,3),
(685,2,2),
(685,3,3),
(686,2,2),
(686,3,3),
(687,2,2),
(687,3,3),
(688,2,2),
(688,3,3),
(689,2,2),
(689,3,3),
(690,2,2),
(690,3,3),
(691,2,2),
(691,3,3),
(692,2,2),
(692,3,3),
(693,2,2),
(693,3,3),
(694,2,2),
(694,3,3),
(695,2,2),
(695,3,3),
(696,2,2),
(696,3,3),
(697,2,2),
(697,3,3),
(698,2,2),
(698,3,3),
(699,2,2),
(699,3,3),
(700,2,2),
(700,3,3),
(701,2,2),
(701,3,3),
(702,2,2),
(702,3,3),
(703,2,2),
(703,3,3),
(704,2,2),
(704,3,3),
(705,2,2),
(705,3,3),
(706,2,2),
(706,3,3),
(707,2,2),
(707,3,3),
(708,2,2),
(708,3,3),
(709,2,2),
(709,3,3),
(710,2,2),
(710,3,3),
(711,2,2),
(711,3,3),
(712,2,2),
(712,3,3),
(713,2,2),
(713,3,3),
(714,2,2),
(714,3,3),
(715,2,2),
(715,3,3),
(716,2,2),
(716,3,3),
(717,2,2),
(717,3,3),
(718,2,2),
(718,3,3),
(719,2,2),
(719,3,3),
(720,2,2),
(720,3,3),
(721,2,2),
(721,3,3),
(722,2,2),
(722,3,3),
(723,2,2),
(723,3,3),
(724,2,2),
(724,3,3),
(725,2,2),
(725,3,3),
(726,2,2),
(726,3,3),
(727,2,2),
(727,3,3),
(728,2,2),
(728,3,3),
(729,2,2),
(729,3,3),
(730,2,2),
(730,3,3),
(731,2,2),
(731,3,3),
(732,2,2),
(732,3,3),
(733,2,2),
(733,3,3),
(734,2,2),
(734,3,3),
(735,2,2),
(735,3,3),
(736,2,2),
(736,3,3),
(737,2,2),
(737,3,3),
(738,2,2),
(738,3,3),
(739,2,2),
(739,3,3),
(740,2,2),
(740,3,3),
(741,2,2),
(741,3,3),
(742,2,2),
(742,3,3),
(743,2,2),
(743,3,3),
(744,2,2),
(744,3,3),
(745,2,2),
(745,3,3),
(746,2,2),
(746,3,3),
(747,2,2),
(747,3,3),
(748,2,2),
(748,3,3),
(749,2,2),
(749,3,3),
(750,2,2),
(750,3,3),
(751,2,2),
(751,3,3),
(752,2,2),
(752,3,3),
(753,2,2),
(753,3,3),
(754,2,2),
(754,3,3),
(755,2,2),
(755,3,3),
(756,2,2),
(756,3,3),
(757,2,2),
(757,3,3),
(758,2,2),
(758,3,3),
(759,2,2),
(759,3,3),
(760,2,2),
(760,3,3),
(761,2,2),
(761,3,3),
(762,2,2),
(762,3,3),
(763,2,2),
(763,3,3),
(764,2,2),
(764,3,3),
(765,2,2),
(765,3,3),
(766,2,2),
(766,3,3),
(767,2,2),
(767,3,3),
(768,2,2),
(768,3,3),
(769,2,2),
(769,3,3),
(770,2,2),
(770,3,3),
(771,2,2),
(771,3,3),
(772,2,2),
(772,3,3),
(773,2,2),
(773,3,3),
(774,2,2),
(774,3,3),
(775,2,2),
(775,3,3),
(789,2,2),
(789,3,3),
(790,2,2),
(790,3,3),
(791,2,2),
(791,3,3),
(792,2,2),
(792,3,3),
(793,2,2),
(793,3,3),
(796,2,2),
(796,3,3),
(797,2,2),
(797,3,3),
(798,2,2),
(798,3,3),
(799,2,2),
(799,3,3),
(802,2,2),
(802,3,3),
(803,2,2),
(803,3,3),
(804,2,2),
(804,3,3),
(805,2,2),
(805,3,3),
(806,2,2),
(806,3,3),
(808,2,2),
(808,3,3),
(809,2,2),
(809,3,3),
(810,2,2),
(810,3,3),
(811,2,2),
(811,3,3),
(812,2,2),
(812,3,3),
(813,2,2),
(813,3,3),
(814,2,2),
(814,3,3),
(815,2,2),
(815,3,3),
(816,2,2),
(816,3,3),
(817,2,2),
(817,3,3),
(818,2,2),
(818,3,3),
(819,2,2),
(819,3,3),
(820,2,2),
(820,3,3),
(821,2,2),
(821,3,3),
(822,2,2),
(822,3,3),
(823,2,2),
(823,3,3),
(824,2,2),
(824,3,3),
(825,2,2),
(825,3,3),
(826,2,2),
(826,3,3),
(827,2,2),
(827,3,3),
(828,2,2),
(828,3,3),
(829,2,2),
(829,3,3),
(830,2,2),
(830,3,3),
(831,2,2),
(831,3,3),
(832,2,2),
(832,3,3),
(833,2,2),
(833,3,3),
(834,2,2),
(834,3,3),
(835,2,2),
(835,3,3),
(836,2,2),
(836,3,3),
(837,2,2),
(837,3,3),
(838,2,2),
(838,3,3),
(839,2,2),
(839,3,3),
(840,2,2),
(840,3,3),
(841,2,2),
(841,3,3),
(842,2,2),
(842,3,3),
(843,2,2),
(843,3,3),
(844,2,2),
(844,3,3),
(845,2,2),
(845,3,3),
(846,2,2),
(846,3,3),
(847,2,2),
(847,3,3),
(848,2,2),
(848,3,3),
(849,2,2),
(849,3,3),
(850,2,2),
(850,3,3),
(851,2,2),
(851,3,3),
(852,2,2),
(852,3,3),
(853,2,2),
(853,3,3),
(854,2,2),
(854,3,3),
(855,2,2),
(855,3,3),
(856,2,2),
(856,3,3),
(857,2,2),
(857,3,3),
(858,2,2),
(858,3,3),
(859,2,2),
(859,3,3),
(860,2,2),
(860,3,3),
(861,3,3),
(862,3,3),
(863,3,3),
(864,2,2),
(864,3,3),
(865,2,2),
(865,3,3),
(866,2,2),
(866,3,3),
(867,2,2),
(867,3,3),
(868,2,2),
(868,3,3),
(869,2,2),
(869,3,3),
(870,2,2),
(870,3,3),
(871,2,2),
(871,3,3),
(872,2,2),
(872,3,3),
(873,2,2),
(873,3,3),
(874,2,2),
(874,3,3),
(875,2,2),
(875,3,3),
(876,2,2),
(876,3,3),
(877,2,2),
(877,3,3),
(878,2,2),
(878,3,3),
(879,2,2),
(879,3,3),
(880,2,2),
(880,3,3),
(881,2,2),
(881,3,3),
(882,2,2),
(882,3,3),
(883,2,2),
(883,3,3),
(884,2,2),
(884,3,3),
(885,2,2),
(885,3,3),
(886,2,2),
(886,3,3),
(887,2,2),
(887,3,3),
(888,2,2),
(888,3,3),
(889,2,2),
(889,3,3),
(890,2,2),
(890,3,3),
(891,2,2),
(891,3,3),
(892,2,2),
(892,3,3),
(893,2,2),
(893,3,3),
(894,2,2),
(894,3,3),
(895,2,2),
(895,3,3),
(896,2,2),
(896,3,3),
(897,2,2),
(897,3,3),
(898,2,2),
(898,3,3),
(899,2,2),
(899,3,3),
(900,2,2),
(900,3,3),
(901,2,2),
(901,3,3),
(902,2,2),
(902,3,3),
(903,2,2),
(903,3,3),
(904,2,2),
(904,3,3),
(905,2,2),
(905,3,3),
(906,2,2),
(906,3,3),
(907,2,2),
(907,3,3),
(908,2,2),
(908,3,3),
(909,2,2),
(909,3,3),
(910,2,2),
(910,3,3),
(911,2,2),
(911,3,3),
(912,2,2),
(912,3,3),
(913,2,2),
(913,3,3),
(914,2,2),
(914,3,3),
(915,2,2),
(915,3,3),
(916,2,2),
(916,3,3),
(917,2,2),
(917,3,3),
(918,2,2),
(918,3,3),
(919,2,2),
(919,3,3),
(920,2,2),
(920,3,3),
(921,2,2),
(921,3,3),
(922,2,2),
(922,3,3),
(923,2,2),
(923,3,3),
(924,2,2),
(924,3,3),
(925,2,2),
(925,3,3),
(926,2,2),
(926,3,3),
(927,2,2),
(927,3,3),
(928,2,2),
(928,3,3),
(929,2,2),
(929,3,3),
(930,2,2),
(930,3,3),
(931,2,2),
(931,3,3),
(932,2,2),
(932,3,3),
(933,2,2),
(933,3,3),
(934,2,2),
(934,3,3),
(935,2,2),
(935,3,3),
(936,2,2),
(936,3,3),
(937,2,2),
(937,3,3),
(938,2,2),
(938,3,3),
(939,2,2),
(939,3,3),
(940,2,2),
(940,3,3),
(941,2,2),
(941,3,3),
(942,2,2),
(942,3,3),
(943,2,2),
(943,3,3),
(944,2,2),
(944,3,3),
(945,2,2),
(945,3,3),
(946,2,2),
(946,3,3),
(947,2,2),
(947,3,3),
(948,2,2),
(948,3,3),
(949,2,2),
(949,3,3),
(950,2,2),
(950,3,3),
(951,2,2),
(951,3,3),
(952,2,2),
(952,3,3),
(953,2,2),
(953,3,3),
(954,2,2),
(954,3,3),
(955,2,2),
(955,3,3),
(956,2,2),
(956,3,3),
(957,2,2),
(957,3,3),
(958,2,2),
(958,3,3),
(959,2,2),
(959,3,3),
(960,2,2),
(960,3,3),
(961,2,2),
(961,3,3),
(962,2,2),
(962,3,3),
(963,2,2),
(963,3,3),
(964,2,2),
(964,3,3),
(965,2,2),
(965,3,3),
(966,2,2),
(966,3,3),
(967,2,2),
(967,3,3),
(968,2,2),
(968,3,3),
(969,2,2),
(969,3,3),
(970,2,2),
(970,3,3),
(971,2,2),
(971,3,3),
(972,2,2),
(972,3,3),
(973,2,2),
(973,3,3),
(974,2,2),
(974,3,3),
(975,2,2),
(975,3,3),
(976,2,2),
(976,3,3),
(977,2,2),
(977,3,3),
(978,2,2),
(978,3,3),
(979,2,2),
(979,3,3),
(980,2,2),
(980,3,3),
(981,2,2),
(981,3,3),
(982,2,2),
(982,3,3),
(983,2,2),
(983,3,3),
(984,2,2),
(984,3,3),
(985,2,2),
(985,3,3),
(986,2,2),
(986,3,3),
(987,2,2),
(987,3,3),
(988,2,2),
(988,3,3),
(989,2,2),
(989,3,3),
(990,2,2),
(990,3,3),
(991,2,2),
(991,3,3),
(992,2,2),
(992,3,3),
(993,2,2),
(993,3,3),
(994,2,2),
(994,3,3),
(995,2,2),
(995,3,3),
(996,2,2),
(996,3,3),
(997,2,2),
(997,3,3),
(998,2,2),
(998,3,3),
(999,2,2),
(999,3,3),
(1000,2,2),
(1000,3,3),
(1001,2,2),
(1001,3,3),
(1002,2,2),
(1002,3,3),
(1003,2,2),
(1003,3,3),
(1004,2,2),
(1004,3,3),
(1005,2,2),
(1005,3,3),
(1006,2,2),
(1006,3,3),
(1007,2,2),
(1007,3,3),
(1008,2,2),
(1008,3,3),
(1009,2,2),
(1009,3,3),
(1010,2,2),
(1010,3,3),
(1011,2,2),
(1011,3,3),
(1012,2,2),
(1012,3,3),
(1013,2,2),
(1013,3,3),
(1014,2,2),
(1014,3,3),
(1015,2,2),
(1015,3,3),
(1016,2,2),
(1016,3,3),
(1017,2,2),
(1017,3,3),
(1018,2,2),
(1018,3,3),
(1019,2,2),
(1019,3,3),
(1020,2,2),
(1020,3,3),
(1021,2,2),
(1021,3,3),
(1022,2,2),
(1022,3,3),
(1023,2,2),
(1023,3,3),
(1024,2,2),
(1024,3,3),
(1025,2,2),
(1025,3,3),
(1026,2,2),
(1026,3,3),
(1027,2,2),
(1027,3,3),
(1028,2,2),
(1028,3,3),
(1029,2,2),
(1029,3,3),
(1030,2,2),
(1030,3,3),
(1031,2,2),
(1031,3,3),
(1032,2,2),
(1032,3,3),
(1033,2,2),
(1033,3,3),
(1034,2,2),
(1034,3,3),
(1035,2,2),
(1035,3,3),
(1036,2,2),
(1036,3,3),
(1037,2,2),
(1037,3,3),
(1038,2,2),
(1038,3,3),
(1039,2,2),
(1039,3,3),
(1040,2,2),
(1040,3,3),
(1041,2,2),
(1041,3,3),
(1042,2,2),
(1042,3,3),
(1043,2,2),
(1043,3,3),
(1044,2,2),
(1044,3,3),
(1045,2,2),
(1045,3,3),
(1046,2,2),
(1046,3,3),
(1047,2,2),
(1047,3,3),
(1048,2,2),
(1048,3,3),
(1049,2,2),
(1049,3,3),
(1050,2,2),
(1050,3,3),
(1051,2,2),
(1051,3,3),
(1052,2,2),
(1052,3,3),
(1053,2,2),
(1053,3,3),
(1054,2,2),
(1054,3,3),
(1055,2,2),
(1055,3,3),
(1056,2,2),
(1056,3,3),
(1057,2,2),
(1057,3,3),
(1058,2,2),
(1058,3,3),
(1059,2,2),
(1059,3,3),
(1060,2,2),
(1060,3,3),
(1061,2,2),
(1061,3,3),
(1062,2,2),
(1062,3,3),
(1063,2,2),
(1063,3,3),
(1064,2,2),
(1064,3,3),
(1065,2,2),
(1065,3,3),
(1066,2,2),
(1066,3,3),
(1067,2,2),
(1067,3,3),
(1068,2,2),
(1068,3,3),
(1069,2,2),
(1069,3,3),
(1070,2,2),
(1070,3,3),
(1071,2,2),
(1071,3,3),
(1072,2,2),
(1072,3,3),
(1073,2,2),
(1073,3,3),
(1074,2,2),
(1074,3,3),
(1075,2,2),
(1075,3,3),
(1076,2,2),
(1076,3,3),
(1077,2,2),
(1077,3,3),
(1078,2,2),
(1078,3,3),
(1079,2,2),
(1079,3,3),
(1080,2,2),
(1080,3,3),
(1081,2,2),
(1081,3,3),
(1082,2,2),
(1082,3,3),
(1083,2,2),
(1083,3,3),
(1084,2,2),
(1084,3,3),
(1085,2,2),
(1085,3,3),
(1086,2,2),
(1086,3,3),
(1087,2,2),
(1087,3,3),
(1088,2,2),
(1088,3,3),
(1089,2,2),
(1089,3,3),
(1090,2,2),
(1090,3,3),
(1091,2,2),
(1091,3,3),
(1092,2,2),
(1092,3,3),
(1093,2,2),
(1093,3,3),
(1094,2,2),
(1094,3,3),
(1095,2,2),
(1095,3,3),
(1096,2,2),
(1096,3,3),
(1097,2,2),
(1097,3,3),
(1098,2,2),
(1098,3,3),
(1099,2,2),
(1099,3,3),
(1100,2,2),
(1100,3,3),
(1101,2,2),
(1101,3,3),
(1102,2,2),
(1102,3,3),
(1103,2,2),
(1103,3,3),
(1104,2,2),
(1104,3,3),
(1105,2,2),
(1105,3,3),
(1106,2,2),
(1106,3,3),
(1107,2,2),
(1107,3,3),
(1108,2,2),
(1108,3,3),
(1109,2,2),
(1109,3,3),
(1110,2,2),
(1110,3,3),
(1111,2,2),
(1111,3,3),
(1112,2,2),
(1112,3,3),
(1113,2,2),
(1113,3,3),
(1114,2,2),
(1114,3,3),
(1115,2,2),
(1115,3,3),
(1116,2,2),
(1116,3,3),
(1117,2,2),
(1117,3,3),
(1118,2,2),
(1118,3,3),
(1119,2,2),
(1119,3,3),
(1120,2,2),
(1120,3,3),
(1121,2,2),
(1121,3,3),
(1122,2,2),
(1122,3,3),
(1123,2,2),
(1123,3,3),
(1124,2,2),
(1124,3,3),
(1125,2,2),
(1125,3,3),
(1126,2,2),
(1126,3,3),
(1127,2,2),
(1127,3,3),
(1128,2,2),
(1128,3,3),
(1129,2,2),
(1129,3,3),
(1130,2,2),
(1130,3,3),
(1131,2,2),
(1131,3,3),
(1132,2,2),
(1132,3,3),
(1133,2,2),
(1133,3,3),
(1134,2,2),
(1134,3,3),
(1135,2,2),
(1135,3,3),
(1136,2,2),
(1136,3,3),
(1137,2,2),
(1137,3,3),
(1138,2,2),
(1138,3,3),
(1139,2,2),
(1139,3,3),
(1140,2,2),
(1140,3,3),
(1141,2,2),
(1141,3,3),
(1142,2,2),
(1142,3,3),
(1143,2,2),
(1143,3,3),
(1144,2,2),
(1144,3,3),
(1145,2,2),
(1145,3,3),
(1146,2,2),
(1146,3,3),
(1147,2,2),
(1147,3,3),
(1148,2,2),
(1148,3,3),
(1149,2,2),
(1149,3,3),
(1150,2,2),
(1150,3,3),
(1151,2,2),
(1151,3,3),
(1152,2,2),
(1152,3,3),
(1153,2,2),
(1153,3,3),
(1154,2,2),
(1154,3,3),
(1155,2,2),
(1155,3,3),
(1156,2,2),
(1156,3,3),
(1157,2,2),
(1157,3,3),
(1158,2,2),
(1158,3,3),
(1159,2,2),
(1159,3,3),
(1160,2,2),
(1160,3,3),
(1161,2,2),
(1161,3,3),
(1162,2,2),
(1162,3,3),
(1163,2,2),
(1163,3,3),
(1164,2,2),
(1164,3,3),
(1165,2,2),
(1165,3,3),
(1166,2,2),
(1166,3,3),
(1167,2,2),
(1167,3,3),
(1168,2,2),
(1168,3,3),
(1169,2,2),
(1169,3,3),
(1170,2,2),
(1170,3,3),
(1171,2,2),
(1171,3,3),
(1172,2,2),
(1172,3,3),
(1173,2,2),
(1173,3,3),
(1174,2,2),
(1174,3,3),
(1175,2,2),
(1175,3,3),
(1176,2,2),
(1176,3,3),
(1177,2,2),
(1177,3,3),
(1178,2,2),
(1178,3,3),
(1179,2,2),
(1179,3,3),
(1180,2,2),
(1180,3,3),
(1181,2,2),
(1181,3,3),
(1182,2,2),
(1182,3,3),
(1183,2,2),
(1183,3,3),
(1184,2,2),
(1184,3,3),
(1185,2,2),
(1185,3,3),
(1186,2,2),
(1186,3,3),
(1187,2,2),
(1187,3,3),
(1188,2,2),
(1188,3,3),
(1189,2,2),
(1189,3,3),
(1190,2,2),
(1190,3,3),
(1191,2,2),
(1191,3,3),
(1192,2,2),
(1192,3,3),
(1193,2,2),
(1193,3,3),
(1194,2,2),
(1194,3,3),
(1195,2,2),
(1195,3,3),
(1196,2,2),
(1196,3,3),
(1197,2,2),
(1197,3,3),
(1198,2,2),
(1198,3,3),
(1199,2,2),
(1199,3,3),
(1200,2,2),
(1200,3,3),
(1201,2,2),
(1201,3,3),
(1202,2,2),
(1202,3,3),
(1203,2,2),
(1203,3,3),
(1204,2,2),
(1204,3,3),
(1205,2,2),
(1205,3,3),
(1206,2,2),
(1206,3,3),
(1207,2,2),
(1207,3,3),
(1208,2,2),
(1208,3,3),
(1209,2,2),
(1209,3,3),
(1210,2,2),
(1210,3,3),
(1211,2,2),
(1211,3,3),
(1212,2,2),
(1212,3,3),
(1213,2,2),
(1213,3,3),
(1214,2,2),
(1214,3,3),
(1215,2,2),
(1215,3,3),
(1216,2,2),
(1216,3,3),
(1217,2,2),
(1217,3,3),
(1218,2,2),
(1218,3,3),
(1219,2,2),
(1219,3,3),
(1220,2,2),
(1220,3,3),
(1221,2,2),
(1221,3,3),
(1222,2,2),
(1222,3,3),
(1223,2,2),
(1223,3,3),
(1224,2,2),
(1224,3,3),
(1225,2,2),
(1225,3,3),
(1226,2,2),
(1226,3,3),
(1227,2,2),
(1227,3,3),
(1228,2,2),
(1228,3,3),
(1229,2,2),
(1229,3,3),
(1230,2,2),
(1230,3,3),
(1231,2,2),
(1231,3,3),
(1232,2,2),
(1232,3,3),
(1233,2,2),
(1233,3,3),
(1234,2,2),
(1234,3,3),
(1235,2,2),
(1235,3,3),
(1236,2,2),
(1236,3,3),
(1237,2,2),
(1237,3,3),
(1238,2,2),
(1238,3,3),
(1239,2,2),
(1239,3,3),
(1240,2,2),
(1240,3,3),
(1241,2,2),
(1241,3,3),
(1242,2,2),
(1242,3,3),
(1243,2,2),
(1243,3,3),
(1244,2,2),
(1244,3,3),
(1245,2,2),
(1245,3,3),
(1246,2,2),
(1246,3,3),
(1247,2,2),
(1247,3,3),
(1248,2,2),
(1248,3,3),
(1249,2,2),
(1249,3,3),
(1250,2,2),
(1250,3,3),
(1251,2,2),
(1251,3,3),
(1252,2,2),
(1252,3,3),
(1253,2,2),
(1253,3,3),
(1254,2,2),
(1254,3,3),
(1255,2,2),
(1255,3,3),
(1256,2,2),
(1256,3,3),
(1257,2,2),
(1257,3,3),
(1258,2,2),
(1258,3,3),
(1259,2,2),
(1259,3,3),
(1260,2,2),
(1260,3,3),
(1261,2,2),
(1261,3,3),
(1262,2,2),
(1262,3,3),
(1263,2,2),
(1263,3,3),
(1264,2,2),
(1264,3,3),
(1265,2,2),
(1265,3,3),
(1266,2,2),
(1266,3,3),
(1267,2,2),
(1267,3,3),
(1268,2,2),
(1268,3,3),
(1269,2,2),
(1269,3,3),
(1270,2,2),
(1270,3,3),
(1271,2,2),
(1271,3,3),
(1272,2,2),
(1272,3,3),
(1273,2,2),
(1273,3,3),
(1274,2,2),
(1274,3,3),
(1275,2,2),
(1275,3,3),
(1276,2,2),
(1276,3,3),
(1277,2,2),
(1277,3,3),
(1278,2,2),
(1278,3,3),
(1279,2,2),
(1279,3,3),
(1280,2,2),
(1280,3,3),
(1281,2,2),
(1281,3,3),
(1282,2,2),
(1282,3,3),
(1283,2,2),
(1283,3,3),
(1284,2,2),
(1284,3,3),
(1285,2,2),
(1285,3,3),
(1286,2,2),
(1286,3,3),
(1287,2,2),
(1287,3,3),
(1288,2,2),
(1288,3,3),
(1289,2,2),
(1289,3,3),
(1290,2,2),
(1290,3,3),
(1291,2,2),
(1291,3,3),
(1292,2,2),
(1292,3,3),
(1293,2,2),
(1293,3,3),
(1294,2,2),
(1294,3,3),
(1295,2,2),
(1295,3,3),
(1296,2,2),
(1296,3,3),
(1297,2,2),
(1297,3,3),
(1298,2,2),
(1298,3,3),
(1299,2,2),
(1299,3,3),
(1300,2,2),
(1300,3,3),
(1301,2,2),
(1301,3,3),
(1302,2,2),
(1302,3,3),
(1303,2,2),
(1303,3,3),
(1304,2,2),
(1304,3,3),
(1305,2,2),
(1305,3,3),
(1306,2,2),
(1306,3,3),
(1307,2,2),
(1307,3,3),
(1308,2,2),
(1308,3,3),
(1309,2,2),
(1309,3,3),
(1310,2,2),
(1310,3,3),
(1311,2,2),
(1311,3,3),
(1312,2,2),
(1312,3,3),
(1313,2,2),
(1313,3,3),
(1314,2,2),
(1314,3,3),
(1315,2,2),
(1315,3,3),
(1316,2,2),
(1316,3,3),
(1317,2,2),
(1317,3,3),
(1318,2,2),
(1318,3,3),
(1319,2,2),
(1319,3,3),
(1320,2,2),
(1320,3,3),
(1321,2,2),
(1321,3,3),
(1322,2,2),
(1322,3,3),
(1323,2,2),
(1323,3,3),
(1324,2,2),
(1324,3,3),
(1325,2,2),
(1325,3,3),
(1326,2,2),
(1326,3,3),
(1327,2,2),
(1327,3,3),
(1328,2,2),
(1328,3,3),
(1329,2,2),
(1329,3,3),
(1330,2,2),
(1330,3,3),
(1331,2,2),
(1331,3,3),
(1332,2,2),
(1332,3,3),
(1333,2,2),
(1333,3,3),
(1334,2,2),
(1334,3,3),
(1335,2,2),
(1335,3,3),
(1336,2,2),
(1336,3,3),
(1337,2,2),
(1337,3,3),
(1338,2,2),
(1338,3,3),
(1339,2,2),
(1339,3,3),
(1340,2,2),
(1340,3,3),
(1341,2,2),
(1341,3,3),
(1342,2,2),
(1342,3,3),
(1343,2,2),
(1343,3,3),
(1344,2,2),
(1344,3,3),
(1345,2,2),
(1345,3,3),
(1346,2,2),
(1346,3,3),
(1347,2,2),
(1347,3,3),
(1348,2,2),
(1348,3,3),
(1349,2,2),
(1349,3,3),
(1350,2,2),
(1350,3,3),
(1351,2,2),
(1351,3,3),
(1352,2,2),
(1352,3,3),
(1353,2,2),
(1353,3,3),
(1354,2,2),
(1354,3,3),
(1355,2,2),
(1355,3,3),
(1356,2,2),
(1356,3,3),
(1357,2,2),
(1357,3,3),
(1358,2,2),
(1358,3,3),
(1359,2,2),
(1359,3,3),
(1360,2,2),
(1360,3,3),
(1361,2,2),
(1361,3,3),
(1362,2,2),
(1362,3,3),
(1363,2,2),
(1363,3,3),
(1364,2,2),
(1364,3,3),
(1365,2,2),
(1365,3,3),
(1366,2,2),
(1366,3,3),
(1367,2,2),
(1367,3,3),
(1368,2,2),
(1368,3,3),
(1369,2,2),
(1369,3,3),
(1370,2,2),
(1370,3,3),
(1371,2,2),
(1371,3,3),
(1372,2,2),
(1372,3,3),
(1373,2,2),
(1373,3,3),
(1374,2,2),
(1374,3,3),
(1375,2,2),
(1375,3,3),
(1376,2,2),
(1376,3,3),
(1377,2,2),
(1377,3,3),
(1378,2,2),
(1378,3,3),
(1379,2,2),
(1379,3,3),
(1380,2,2),
(1380,3,3),
(1381,2,2),
(1381,3,3),
(1382,2,2),
(1382,3,3),
(1383,2,2),
(1383,3,3),
(1384,2,2),
(1384,3,3),
(1385,2,2),
(1385,3,3),
(1386,2,2),
(1386,3,3),
(1387,2,2),
(1387,3,3),
(1388,2,2),
(1388,3,3),
(1389,2,2),
(1389,3,3),
(1390,2,2),
(1390,3,3),
(1391,2,2),
(1391,3,3),
(1392,2,2),
(1392,3,3),
(1393,2,2),
(1393,3,3),
(1394,2,2),
(1394,3,3),
(1395,2,2),
(1395,3,3),
(1396,2,2),
(1396,3,3),
(1397,2,2),
(1397,3,3),
(1398,2,2),
(1398,3,3),
(1399,2,2),
(1399,3,3),
(1400,2,2),
(1400,3,3),
(1401,2,2),
(1401,3,3),
(1402,2,2),
(1402,3,3),
(1403,2,2),
(1403,3,3),
(1404,2,2),
(1404,3,3),
(1405,2,2),
(1405,3,3),
(1406,2,2),
(1406,3,3),
(1407,2,2),
(1407,3,3),
(1408,2,2),
(1408,3,3),
(1409,2,2),
(1409,3,3),
(1410,2,2),
(1410,3,3),
(1411,2,2),
(1411,3,3),
(1412,2,2),
(1412,3,3),
(1413,2,2),
(1413,3,3),
(1414,2,2),
(1414,3,3),
(1415,2,2),
(1415,3,3),
(1416,2,2),
(1416,3,3),
(1417,2,2),
(1417,3,3),
(1418,2,2),
(1418,3,3),
(1419,2,2),
(1419,3,3),
(1420,2,2),
(1420,3,3),
(1421,2,2),
(1421,3,3),
(1422,2,2),
(1422,3,3),
(1423,2,2),
(1423,3,3),
(1424,2,2),
(1424,3,3),
(1425,2,2),
(1425,3,3),
(1426,2,2),
(1426,3,3),
(1427,2,2),
(1427,3,3),
(1428,2,2),
(1428,3,3),
(1429,2,2),
(1429,3,3),
(1430,2,2),
(1430,3,3),
(1431,2,2),
(1431,3,3),
(1432,2,2),
(1432,3,3),
(1433,2,2),
(1433,3,3),
(1434,2,2),
(1434,3,3),
(1435,2,2),
(1435,3,3),
(1436,2,2),
(1436,3,3),
(1437,2,2),
(1437,3,3),
(1438,2,2),
(1438,3,3),
(1439,2,2),
(1439,3,3),
(1440,2,2),
(1440,3,3)};