let clipped := {(1,2,1),
(1,2,2),
(1,3,2),
(2,2,1),
(2,2,2),
(2,3,2),
(3,2,1),
(3,2,2),
(3,3,2),
(4,2,1),
(4,2,2),
(4,3,2),
(5,2,1),
(5,2,2),
(5,3,2),
(6,2,1),
(6,2,2),
(6,3,2),
(7,2,1),
(7,2,2),
(7,3,2),
(8,2,1),
(8,2,2),
(8,3,2),
(9,2,1),
(9,2,2),
(9,3,2),
(10,2,1),
(10,2,2),
(10,3,2),
(11,2,1),
(11,2,2),
(11,3,2),
(12,2,1),
(12,2,2),
(12,3,2),
(13,1,1),
(13,2,1),
(13,2,2),
(13,3,1),
(13,3,2),
(13,4,1),
(14,1,1),
(14,2,1),
(14,2,2),
(14,3,1),
(14,3,2),
(14,4,1),
(15,1,1),
(15,2,1),
(15,2,2),
(15,3,1),
(15,3,2),
(15,4,1),
(16,1,1),
(16,2,1),
(16,2,2),
(16,3,1),
(16,3,2),
(16,4,1),
(17,1,1),
(17,2,1),
(17,2,2),
(17,3,1),
(17,3,2),
(17,4,1),
(18,1,1),
(18,2,1),
(18,2,2),
(18,3,1),
(18,3,2),
(18,4,1),
(19,1,1),
(19,2,1),
(19,2,2),
(19,3,1),
(19,3,2),
(19,4,1),
(20,1,1),
(20,2,1),
(20,2,2),
(20,3,1),
(20,3,2),
(20,4,1),
(21,1,1),
(21,2,1),
(21,2,2),
(21,3,1),
(21,3,2),
(21,4,1),
(22,1,1),
(22,2,1),
(22,2,2),
(22,3,1),
(22,3,2),
(22,4,1),
(23,1,1),
(23,2,1),
(23,2,2),
(23,3,1),
(23,3,2),
(23,4,1),
(24,1,1),
(24,2,1),
(24,2,2),
(24,3,1),
(24,3,2),
(24,4,1),
(25,1,1),
(25,2,1),
(25,2,2),
(25,3,1),
(25,3,2),
(25,4,1),
(26,1,1),
(26,2,1),
(26,2,2),
(26,3,1),
(26,3,2),
(26,4,1),
(27,1,1),
(27,2,1),
(27,2,2),
(27,3,1),
(27,3,2),
(27,4,1),
(28,1,1),
(28,2,1),
(28,2,2),
(28,3,1),
(28,3,2),
(28,4,1),
(29,1,1),
(29,2,1),
(29,2,2),
(29,3,1),
(29,3,2),
(29,4,1),
(30,1,1),
(30,2,1),
(30,2,2),
(30,3,1),
(30,3,2),
(30,4,1),
(31,1,1),
(31,2,1),
(31,2,2),
(31,3,1),
(31,3,2),
(31,4,1),
(32,1,1),
(32,2,1),
(32,2,2),
(32,3,1),
(32,3,2),
(32,4,1),
(33,1,1),
(33,2,1),
(33,2,2),
(33,3,1),
(33,3,2),
(33,4,1),
(34,1,1),
(34,2,1),
(34,2,2),
(34,3,1),
(34,3,2),
(34,4,1),
(35,1,1),
(35,2,1),
(35,2,2),
(35,3,1),
(35,3,2),
(35,4,1),
(36,1,1),
(36,2,1),
(36,2,2),
(36,3,1),
(36,3,2),
(36,4,1),
(37,1,1),
(37,2,1),
(37,2,2),
(37,3,1),
(37,3,2),
(37,4,1),
(38,2,1),
(38,2,2),
(38,3,2),
(39,2,1),
(39,2,2),
(39,3,2),
(40,2,1),
(40,2,2),
(40,3,2),
(41,2,1),
(41,2,2),
(41,3,2),
(42,2,1),
(42,2,2),
(42,3,2),
(43,2,1),
(43,2,2),
(43,3,2),
(44,2,1),
(44,2,2),
(44,3,2),
(45,2,1),
(45,2,2),
(45,3,2),
(46,2,1),
(46,2,2),
(46,3,2),
(47,2,1),
(47,2,2),
(47,3,2),
(48,2,1),
(48,2,2),
(48,3,2),
(49,2,1),
(49,2,2),
(49,3,2),
(50,1,1),
(50,2,1),
(50,2,2),
(50,3,1),
(50,3,2),
(50,4,1),
(51,1,1),
(51,2,1),
(51,2,2),
(51,3,1),
(51,3,2),
(51,4,1),
(52,1,1),
(52,2,1),
(52,2,2),
(52,3,1),
(52,3,2),
(52,4,1),
(53,1,1),
(53,2,1),
(53,2,2),
(53,3,1),
(53,3,2),
(53,4,1),
(54,1,1),
(54,2,1),
(54,2,2),
(54,3,1),
(54,3,2),
(54,4,1),
(55,1,1),
(55,2,1),
(55,2,2),
(55,3,1),
(55,3,2),
(55,4,1),
(56,1,1),
(56,2,1),
(56,2,2),
(56,3,1),
(56,3,2),
(56,4,1),
(57,1,1),
(57,2,1),
(57,2,2),
(57,3,1),
(57,3,2),
(57,4,1),
(58,1,1),
(58,2,1),
(58,2,2),
(58,3,1),
(58,3,2),
(58,4,1),
(59,1,1),
(59,2,1),
(59,2,2),
(59,3,1),
(59,3,2),
(59,4,1),
(60,1,1),
(60,2,1),
(60,2,2),
(60,3,1),
(60,3,2),
(60,4,1),
(61,1,1),
(61,2,1),
(61,2,2),
(61,3,1),
(61,3,2),
(61,4,1),
(62,2,1),
(62,2,2),
(62,3,2),
(63,2,1),
(63,2,2),
(63,3,2),
(64,2,1),
(64,2,2),
(64,3,2),
(65,2,1),
(65,2,2),
(65,3,2),
(66,2,1),
(66,2,2),
(66,3,2),
(67,2,1),
(67,2,2),
(67,3,2),
(68,2,1),
(68,2,2),
(68,3,2),
(69,2,1),
(69,2,2),
(69,3,2),
(70,2,1),
(70,2,2),
(70,3,2),
(71,2,1),
(71,2,2),
(71,3,2),
(72,2,1),
(72,2,2),
(72,3,2),
(73,2,1),
(73,2,2),
(73,3,2),
(74,2,1),
(74,2,2),
(74,3,2),
(75,2,1),
(75,2,2),
(75,3,2),
(76,2,1),
(76,2,2),
(76,3,2),
(77,2,1),
(77,2,2),
(77,3,2),
(78,2,1),
(78,2,2),
(78,3,2),
(79,2,1),
(79,2,2),
(79,3,2),
(80,2,1),
(80,2,2),
(80,3,2),
(81,2,1),
(81,2,2),
(81,3,2),
(82,2,1),
(82,2,2),
(82,3,2),
(83,2,1),
(83,2,2),
(83,3,2),
(84,2,1),
(84,2,2),
(84,3,2),
(85,2,1),
(85,2,2),
(85,3,2),
(86,2,1),
(86,2,2),
(86,3,2),
(87,2,1),
(87,2,2),
(87,3,2),
(88,2,1),
(88,2,2),
(88,3,2),
(89,2,1),
(89,2,2),
(89,3,2),
(90,2,1),
(90,2,2),
(90,3,2),
(91,2,1),
(91,2,2),
(91,3,2),
(92,2,1),
(92,2,2),
(92,3,2),
(93,2,1),
(93,2,2),
(93,3,2),
(94,2,1),
(94,2,2),
(94,3,2),
(95,2,1),
(95,2,2),
(95,3,2),
(96,2,1),
(96,2,2),
(96,3,2),
(97,2,1),
(97,2,2),
(97,3,2),
(98,2,1),
(98,2,2),
(98,3,2),
(99,2,1),
(99,2,2),
(99,3,2),
(100,1,1),
(100,2,1),
(100,2,2),
(100,3,1),
(100,3,2),
(100,4,1),
(101,1,1),
(101,2,1),
(101,2,2),
(101,3,1),
(101,3,2),
(101,4,1),
(102,1,1),
(102,2,1),
(102,2,2),
(102,3,1),
(102,3,2),
(102,4,1),
(103,1,1),
(103,2,1),
(103,2,2),
(103,3,1),
(103,3,2),
(103,4,1),
(104,1,1),
(104,2,1),
(104,2,2),
(104,3,1),
(104,3,2),
(104,4,1),
(105,1,1),
(105,2,1),
(105,2,2),
(105,3,1),
(105,3,2),
(105,4,1),
(106,1,1),
(106,2,1),
(106,2,2),
(106,3,1),
(106,3,2),
(106,4,1),
(107,1,1),
(107,2,1),
(107,2,2),
(107,3,1),
(107,3,2),
(107,4,1),
(108,1,1),
(108,2,1),
(108,2,2),
(108,3,1),
(108,3,2),
(108,4,1),
(109,1,1),
(109,2,1),
(109,2,2),
(109,3,1),
(109,3,2),
(109,4,1),
(110,1,1),
(110,2,1),
(110,2,2),
(110,3,1),
(110,3,2),
(110,4,1),
(111,1,1),
(111,2,1),
(111,2,2),
(111,3,1),
(111,3,2),
(111,4,1),
(112,2,1),
(112,2,2),
(112,3,2),
(113,2,1),
(113,2,2),
(113,3,2),
(114,2,1),
(114,2,2),
(114,3,2),
(115,2,1),
(115,2,2),
(115,3,2),
(116,2,1),
(116,2,2),
(116,3,2),
(117,2,1),
(117,2,2),
(117,3,2),
(118,2,1),
(118,2,2),
(118,3,2),
(119,2,1),
(119,2,2),
(119,3,2),
(120,2,1),
(120,2,2),
(120,3,2),
(121,2,1),
(121,2,2),
(121,3,2),
(122,2,1),
(122,2,2),
(122,3,2),
(123,2,1),
(123,2,2),
(123,3,2),
(124,1,1),
(124,2,1),
(124,2,2),
(124,3,1),
(124,3,2),
(124,4,1),
(125,1,1),
(125,2,1),
(125,2,2),
(125,3,1),
(125,3,2),
(125,4,1),
(126,1,1),
(126,2,1),
(126,2,2),
(126,3,1),
(126,3,2),
(126,4,1),
(127,1,1),
(127,2,1),
(127,2,2),
(127,3,1),
(127,3,2),
(127,4,1),
(128,1,1),
(128,2,1),
(128,2,2),
(128,3,1),
(128,3,2),
(128,4,1),
(129,1,1),
(129,2,1),
(129,2,2),
(129,3,1),
(129,3,2),
(129,4,1),
(130,1,1),
(130,2,1),
(130,2,2),
(130,3,1),
(130,3,2),
(130,4,1),
(131,1,1),
(131,2,1),
(131,2,2),
(131,3,1),
(131,3,2),
(131,4,1),
(132,1,1),
(132,2,1),
(132,2,2),
(132,3,1),
(132,3,2),
(132,4,1),
(133,1,1),
(133,2,1),
(133,2,2),
(133,3,1),
(133,3,2),
(133,4,1),
(134,1,1),
(134,2,1),
(134,2,2),
(134,3,1),
(134,3,2),
(134,4,1),
(135,1,1),
(135,2,1),
(135,2,2),
(135,3,1),
(135,3,2),
(135,4,1),
(136,1,1),
(136,2,1),
(136,2,2),
(136,3,1),
(136,3,2),
(136,4,1),
(137,1,1),
(137,2,1),
(137,2,2),
(137,3,1),
(137,3,2),
(137,4,1),
(138,1,1),
(138,2,1),
(138,2,2),
(138,3,1),
(138,3,2),
(138,4,1),
(139,1,1),
(139,2,1),
(139,2,2),
(139,3,1),
(139,3,2),
(139,4,1),
(140,1,1),
(140,2,1),
(140,2,2),
(140,3,1),
(140,3,2),
(140,4,1),
(141,1,1),
(141,2,1),
(141,2,2),
(141,3,1),
(141,3,2),
(141,4,1),
(142,1,1),
(142,2,1),
(142,2,2),
(142,3,1),
(142,3,2),
(142,4,1),
(143,1,1),
(143,2,1),
(143,2,2),
(143,3,1),
(143,3,2),
(143,4,1),
(144,1,1),
(144,2,1),
(144,2,2),
(144,3,1),
(144,3,2),
(144,4,1),
(145,1,1),
(145,2,1),
(145,2,2),
(145,3,1),
(145,3,2),
(145,4,1),
(146,1,1),
(146,2,1),
(146,2,2),
(146,3,1),
(146,3,2),
(146,4,1),
(147,1,1),
(147,2,1),
(147,2,2),
(147,3,1),
(147,3,2),
(147,4,1),
(148,1,1),
(148,2,1),
(148,2,2),
(148,3,1),
(148,3,2),
(148,4,1),
(149,2,1),
(149,2,2),
(149,3,2),
(150,2,1),
(150,2,2),
(150,3,2),
(151,2,1),
(151,2,2),
(151,3,2),
(152,2,1),
(152,2,2),
(152,3,2),
(153,2,1),
(153,2,2),
(153,3,2),
(154,2,1),
(154,2,2),
(154,3,2),
(155,2,1),
(155,2,2),
(155,3,2),
(156,2,1),
(156,2,2),
(156,3,2),
(157,2,1),
(157,2,2),
(157,3,2),
(158,2,1),
(158,2,2),
(158,3,2),
(159,2,1),
(159,2,2),
(159,3,2),
(160,1,1),
(160,2,1),
(160,2,2),
(160,3,1),
(160,3,2),
(160,4,1),
(161,1,1),
(161,2,1),
(161,2,2),
(161,3,1),
(161,3,2),
(161,4,1),
(162,1,1),
(162,2,1),
(162,2,2),
(162,3,1),
(162,3,2),
(162,4,1),
(163,1,1),
(163,2,1),
(163,2,2),
(163,3,1),
(163,3,2),
(163,4,1),
(164,1,1),
(164,2,1),
(164,2,2),
(164,3,1),
(164,3,2),
(164,4,1),
(165,1,1),
(165,2,1),
(165,2,2),
(165,3,1),
(165,3,2),
(165,4,1),
(166,1,1),
(166,2,1),
(166,2,2),
(166,3,1),
(166,3,2),
(166,4,1),
(167,1,1),
(167,2,1),
(167,2,2),
(167,3,1),
(167,3,2),
(167,4,1),
(168,1,1),
(168,2,1),
(168,2,2),
(168,3,1),
(168,3,2),
(168,4,1),
(169,1,1),
(169,2,1),
(169,2,2),
(169,3,1),
(169,3,2),
(169,4,1),
(170,1,1),
(170,2,1),
(170,2,2),
(170,3,1),
(170,3,2),
(170,4,1),
(171,1,1),
(171,2,1),
(171,2,2),
(171,3,1),
(171,3,2),
(171,4,1),
(172,1,1),
(172,2,1),
(172,2,2),
(172,3,1),
(172,3,2),
(172,4,1),
(173,1,1),
(173,2,1),
(173,2,2),
(173,3,1),
(173,3,2),
(173,4,1),
(174,1,1),
(174,2,1),
(174,2,2),
(174,3,1),
(174,3,2),
(174,4,1),
(175,1,1),
(175,2,1),
(175,2,2),
(175,3,1),
(175,3,2),
(175,4,1),
(176,1,1),
(176,2,1),
(176,2,2),
(176,3,1),
(176,3,2),
(176,4,1),
(177,1,1),
(177,2,1),
(177,2,2),
(177,3,1),
(177,3,2),
(177,4,1),
(178,1,1),
(178,2,1),
(178,2,2),
(178,3,1),
(178,3,2),
(178,4,1),
(179,1,1),
(179,2,1),
(179,2,2),
(179,3,1),
(179,3,2),
(179,4,1),
(180,1,1),
(180,2,1),
(180,2,2),
(180,3,1),
(180,3,2),
(180,4,1),
(181,1,1),
(181,2,1),
(181,2,2),
(181,3,1),
(181,3,2),
(181,4,1),
(182,1,1),
(182,2,1),
(182,2,2),
(182,3,1),
(182,3,2),
(182,4,1),
(183,2,1),
(183,2,2),
(183,3,2),
(184,2,1),
(184,2,2),
(184,3,2),
(185,2,1),
(185,2,2),
(185,3,2),
(186,2,1),
(186,2,2),
(186,3,2),
(187,2,1),
(187,2,2),
(187,3,2),
(188,2,1),
(188,2,2),
(188,3,2),
(189,2,1),
(189,2,2),
(189,3,2),
(190,2,1),
(190,2,2),
(190,3,2),
(191,2,1),
(191,2,2),
(191,3,2),
(192,2,1),
(192,2,2),
(192,3,2),
(193,2,1),
(193,2,2),
(193,3,2),
(194,2,1),
(194,2,2),
(194,3,2),
(195,2,1),
(195,2,2),
(195,3,2),
(196,2,1),
(196,2,2),
(196,3,2),
(197,2,1),
(197,2,2),
(197,3,2),
(198,2,1),
(198,2,2),
(198,3,2),
(199,2,1),
(199,2,2),
(199,3,2),
(200,2,1),
(200,2,2),
(200,3,2),
(201,2,1),
(201,2,2),
(201,3,2),
(202,2,1),
(202,2,2),
(202,3,2),
(203,2,1),
(203,2,2),
(203,3,2),
(204,2,1),
(204,2,2),
(204,3,2),
(205,2,1),
(205,2,2),
(205,3,2),
(206,2,1),
(206,2,2),
(206,3,2),
(207,2,1),
(207,2,2),
(207,3,2),
(208,2,1),
(208,2,2),
(208,3,2),
(209,2,1),
(209,2,2),
(209,3,2),
(210,2,1),
(210,2,2),
(210,3,2),
(211,2,1),
(211,2,2),
(211,3,2),
(212,2,1),
(212,2,2),
(212,3,2),
(213,2,1),
(213,2,2),
(213,3,2),
(214,2,1),
(214,2,2),
(214,3,2),
(215,2,1),
(215,2,2),
(215,3,2),
(216,2,1),
(216,2,2),
(216,3,2),
(217,2,1),
(217,2,2),
(217,3,2),
(218,2,1),
(218,2,2),
(218,3,2),
(219,2,1),
(219,2,2),
(219,3,2),
(220,2,1),
(220,2,2),
(220,3,1),
(220,3,2),
(220,4,1),
(221,1,1),
(221,2,1),
(221,2,2),
(221,3,1),
(221,3,2),
(221,4,1),
(222,1,1),
(222,2,1),
(222,2,2),
(222,3,1),
(222,3,2),
(222,4,1),
(223,1,1),
(223,2,1),
(223,2,2),
(223,3,1),
(223,3,2),
(223,4,1),
(224,2,1),
(224,2,2),
(224,3,2),
(225,2,1),
(225,2,2),
(225,3,2),
(226,2,1),
(226,2,2),
(226,3,2),
(227,2,1),
(227,2,2),
(227,3,2),
(228,2,1),
(228,2,2),
(228,3,2),
(229,2,1),
(229,2,2),
(229,3,2),
(230,2,1),
(230,2,2),
(230,3,2),
(231,2,1),
(231,2,2),
(231,3,2),
(232,2,1),
(232,2,2),
(232,3,2),
(233,2,1),
(233,2,2),
(233,3,2),
(234,2,1),
(234,2,2),
(234,3,2),
(235,1,1),
(235,2,1),
(235,2,2),
(235,3,1),
(235,3,2),
(235,4,1),
(236,1,1),
(236,2,1),
(236,2,2),
(236,3,1),
(236,3,2),
(236,4,1),
(237,1,1),
(237,2,1),
(237,2,2),
(237,3,1),
(237,3,2),
(237,4,1),
(238,1,1),
(238,2,1),
(238,2,2),
(238,3,1),
(238,3,2),
(238,4,1),
(239,1,1),
(239,2,1),
(239,2,2),
(239,3,1),
(239,3,2),
(239,4,1),
(240,1,1),
(240,2,1),
(240,2,2),
(240,3,1),
(240,3,2),
(240,4,1),
(241,1,1),
(241,2,1),
(241,2,2),
(241,3,1),
(241,3,2),
(241,4,1),
(242,1,1),
(242,2,1),
(242,2,2),
(242,3,1),
(242,3,2),
(242,4,1),
(243,1,1),
(243,2,1),
(243,2,2),
(243,3,1),
(243,3,2),
(243,4,1),
(244,1,1),
(244,2,1),
(244,2,2),
(244,3,1),
(244,3,2),
(244,4,1),
(245,1,1),
(245,2,1),
(245,2,2),
(245,3,1),
(245,3,2),
(245,4,1),
(246,1,1),
(246,2,1),
(246,2,2),
(246,3,1),
(246,3,2),
(246,4,1),
(247,1,1),
(247,2,1),
(247,2,2),
(247,3,1),
(247,3,2),
(247,4,1),
(248,1,1),
(248,2,1),
(248,2,2),
(248,3,1),
(248,3,2),
(248,4,1),
(249,1,1),
(249,2,1),
(249,2,2),
(249,3,1),
(249,3,2),
(249,4,1),
(250,1,1),
(250,2,1),
(250,2,2),
(250,3,1),
(250,3,2),
(250,4,1),
(251,1,1),
(251,2,1),
(251,2,2),
(251,3,1),
(251,3,2),
(251,4,1),
(252,1,1),
(252,2,1),
(252,2,2),
(252,3,1),
(252,3,2),
(252,4,1),
(253,1,1),
(253,2,1),
(253,2,2),
(253,3,1),
(253,3,2),
(253,4,1),
(254,1,1),
(254,2,1),
(254,2,2),
(254,3,1),
(254,3,2),
(254,4,1),
(255,1,1),
(255,2,1),
(255,2,2),
(255,3,1),
(255,3,2),
(255,4,1),
(256,1,1),
(256,2,1),
(256,2,2),
(256,3,1),
(256,3,2),
(256,4,1),
(257,1,1),
(257,2,1),
(257,2,2),
(257,3,1),
(257,3,2),
(257,4,1),
(258,1,1),
(258,2,1),
(258,2,2),
(258,3,1),
(258,3,2),
(258,4,1),
(259,1,1),
(259,2,1),
(259,2,2),
(259,3,1),
(259,3,2),
(259,4,1),
(260,1,1),
(260,2,1),
(260,2,2),
(260,3,1),
(260,3,2),
(260,4,1),
(261,2,1),
(261,2,2),
(261,3,2),
(262,2,1),
(262,2,2),
(262,3,2),
(263,2,1),
(263,2,2),
(263,3,2),
(264,2,1),
(264,2,2),
(264,3,2),
(265,2,1),
(265,2,2),
(265,3,2),
(266,2,1),
(266,2,2),
(266,3,2),
(267,2,1),
(267,2,2),
(267,3,2),
(268,2,1),
(268,2,2),
(268,3,2),
(269,2,1),
(269,2,2),
(269,3,2),
(270,2,1),
(270,2,2),
(270,3,2),
(271,2,1),
(271,2,2),
(271,3,2),
(272,1,1),
(272,2,1),
(272,2,2),
(272,3,1),
(272,3,2),
(272,4,1),
(273,1,1),
(273,2,1),
(273,2,2),
(273,3,1),
(273,3,2),
(273,4,1),
(274,1,1),
(274,2,1),
(274,2,2),
(274,3,1),
(274,3,2),
(274,4,1),
(275,1,1),
(275,2,1),
(275,2,2),
(275,3,1),
(275,3,2),
(275,4,1),
(276,1,1),
(276,2,1),
(276,2,2),
(276,3,1),
(276,3,2),
(276,4,1),
(277,1,1),
(277,2,1),
(277,2,2),
(277,3,1),
(277,3,2),
(277,4,1),
(278,1,1),
(278,2,1),
(278,2,2),
(278,3,1),
(278,3,2),
(278,4,1),
(279,1,1),
(279,2,1),
(279,2,2),
(279,3,1),
(279,3,2),
(279,4,1),
(280,1,1),
(280,2,1),
(280,2,2),
(280,3,1),
(280,3,2),
(280,4,1),
(281,1,1),
(281,2,1),
(281,2,2),
(281,3,1),
(281,3,2),
(281,4,1),
(282,1,1),
(282,2,1),
(282,2,2),
(282,3,1),
(282,3,2),
(282,4,1),
(283,1,1),
(283,2,1),
(283,2,2),
(283,3,1),
(283,3,2),
(283,4,1),
(284,1,1),
(284,2,1),
(284,2,2),
(284,3,1),
(284,3,2),
(284,4,1),
(285,1,1),
(285,2,1),
(285,2,2),
(285,3,1),
(285,3,2),
(285,4,1),
(286,1,1),
(286,2,1),
(286,2,2),
(286,3,1),
(286,3,2),
(286,4,1),
(287,1,1),
(287,2,1),
(287,2,2),
(287,3,1),
(287,3,2),
(287,4,1),
(288,1,1),
(288,2,1),
(288,2,2),
(288,3,1),
(288,3,2),
(288,4,1),
(289,1,1),
(289,2,1),
(289,2,2),
(289,3,1),
(289,3,2),
(289,4,1),
(290,1,1),
(290,2,1),
(290,2,2),
(290,3,1),
(290,3,2),
(290,4,1),
(291,1,1),
(291,2,1),
(291,2,2),
(291,3,1),
(291,3,2),
(291,4,1),
(292,1,1),
(292,2,1),
(292,2,2),
(292,3,1),
(292,3,2),
(292,4,1),
(293,1,1),
(293,2,1),
(293,2,2),
(293,3,1),
(293,3,2),
(293,4,1),
(294,1,1),
(294,2,1),
(294,2,2),
(294,3,1),
(294,3,2),
(294,4,1),
(295,1,1),
(295,2,1),
(295,2,2),
(295,3,1),
(295,3,2),
(295,4,1),
(296,1,1),
(296,2,1),
(296,2,2),
(296,3,1),
(296,3,2),
(296,4,1),
(297,2,1),
(297,2,2),
(297,3,2),
(298,2,1),
(298,2,2),
(298,3,2),
(299,2,1),
(299,2,2),
(299,3,2),
(300,2,1),
(300,2,2),
(300,3,2),
(301,2,1),
(301,2,2),
(301,3,2),
(302,2,1),
(302,2,2),
(302,3,2),
(303,2,1),
(303,2,2),
(303,3,2),
(304,2,1),
(304,2,2),
(304,3,2),
(305,2,1),
(305,2,2),
(305,3,2),
(306,2,1),
(306,2,2),
(306,3,2),
(307,2,1),
(307,2,2),
(307,3,2),
(308,2,1),
(308,2,2),
(308,3,2),
(309,2,1),
(309,2,2),
(309,3,2),
(310,2,1),
(310,2,2),
(310,3,2),
(311,2,1),
(311,2,2),
(311,3,2),
(312,2,1),
(312,2,2),
(312,3,2),
(313,2,1),
(313,2,2),
(313,3,2),
(314,2,1),
(314,2,2),
(314,3,2),
(315,2,1),
(315,2,2),
(315,3,2),
(316,2,1),
(316,2,2),
(316,3,2),
(317,2,1),
(317,2,2),
(317,3,2),
(318,2,1),
(318,2,2),
(318,3,2),
(319,2,1),
(319,2,2),
(319,3,2),
(320,2,1),
(320,2,2),
(320,3,2),
(321,2,1),
(321,2,2),
(321,3,2),
(322,2,1),
(322,2,2),
(322,3,2),
(323,2,1),
(323,2,2),
(323,3,2),
(324,2,1),
(324,2,2),
(324,3,2),
(325,2,1),
(325,2,2),
(325,3,2),
(326,2,1),
(326,2,2),
(326,3,2),
(327,2,1),
(327,2,2),
(327,3,2),
(328,2,1),
(328,2,2),
(328,3,2),
(329,2,1),
(329,2,2),
(329,3,2),
(330,2,1),
(330,2,2),
(330,3,2),
(331,2,1),
(331,2,2),
(331,3,2),
(332,2,1),
(332,2,2),
(332,3,2),
(333,2,1),
(333,2,2),
(333,3,2),
(334,2,1),
(334,2,2),
(334,3,2),
(335,2,1),
(335,2,2),
(335,3,2),
(336,2,1),
(336,2,2),
(336,3,2),
(337,2,1),
(337,2,2),
(337,3,2),
(338,2,1),
(338,2,2),
(338,3,2),
(339,2,1),
(339,2,2),
(339,3,2),
(340,2,1),
(340,2,2),
(340,3,2),
(341,2,1),
(341,2,2),
(341,3,2),
(342,2,1),
(342,2,2),
(342,3,2),
(343,2,1),
(343,2,2),
(343,3,2),
(344,2,1),
(344,2,2),
(344,3,2),
(345,1,1),
(345,2,1),
(345,2,2),
(345,3,1),
(345,3,2),
(345,4,1),
(346,1,1),
(346,2,1),
(346,2,2),
(346,3,1),
(346,3,2),
(346,4,1),
(347,1,1),
(347,2,1),
(347,2,2),
(347,3,1),
(347,3,2),
(347,4,1),
(348,1,1),
(348,2,1),
(348,2,2),
(348,3,1),
(348,3,2),
(348,4,1),
(349,1,1),
(349,2,1),
(349,2,2),
(349,3,1),
(349,3,2),
(349,4,1),
(350,1,1),
(350,2,1),
(350,2,2),
(350,3,1),
(350,3,2),
(350,4,1),
(351,1,1),
(351,2,1),
(351,2,2),
(351,3,1),
(351,3,2),
(351,4,1),
(352,1,1),
(352,2,1),
(352,2,2),
(352,3,1),
(352,3,2),
(352,4,1),
(353,1,1),
(353,2,1),
(353,2,2),
(353,3,1),
(353,3,2),
(353,4,1),
(354,1,1),
(354,2,1),
(354,2,2),
(354,3,1),
(354,3,2),
(354,4,1),
(355,1,1),
(355,2,1),
(355,2,2),
(355,3,1),
(355,3,2),
(355,4,1),
(356,1,1),
(356,2,1),
(356,2,2),
(356,3,1),
(356,3,2),
(356,4,1),
(357,1,1),
(357,2,1),
(357,2,2),
(357,3,1),
(357,3,2),
(357,4,1),
(358,1,1),
(358,2,1),
(358,2,2),
(358,3,1),
(358,3,2),
(358,4,1),
(359,1,1),
(359,2,1),
(359,2,2),
(359,3,1),
(359,3,2),
(359,4,1),
(360,1,1),
(360,2,1),
(360,2,2),
(360,3,1),
(360,3,2),
(360,4,1),
(361,1,1),
(361,2,1),
(361,2,2),
(361,3,1),
(361,3,2),
(361,4,1),
(362,1,1),
(362,2,1),
(362,2,2),
(362,3,1),
(362,3,2),
(362,4,1),
(363,1,1),
(363,2,1),
(363,2,2),
(363,3,1),
(363,3,2),
(363,4,1),
(364,1,1),
(364,2,1),
(364,2,2),
(364,3,1),
(364,3,2),
(364,4,1),
(365,1,1),
(365,2,1),
(365,2,2),
(365,3,1),
(365,3,2),
(365,4,1),
(366,1,1),
(366,2,1),
(366,2,2),
(366,3,1),
(366,3,2),
(366,4,1),
(367,1,1),
(367,2,1),
(367,2,2),
(367,3,1),
(367,3,2),
(367,4,1),
(368,1,1),
(368,2,1),
(368,2,2),
(368,3,1),
(368,3,2),
(368,4,1),
(369,1,1),
(369,2,1),
(369,2,2),
(369,3,1),
(369,3,2),
(369,4,1),
(370,1,1),
(370,2,1),
(370,2,2),
(370,3,1),
(370,3,2),
(370,4,1),
(371,2,1),
(371,2,2),
(371,3,2),
(372,2,1),
(372,2,2),
(372,3,2),
(373,2,1),
(373,2,2),
(373,3,2),
(374,2,1),
(374,2,2),
(374,3,2),
(375,2,1),
(375,2,2),
(375,3,2),
(376,2,1),
(376,2,2),
(376,3,2),
(377,2,1),
(377,2,2),
(377,3,2),
(378,2,1),
(378,2,2),
(378,3,2),
(379,2,1),
(379,2,2),
(379,3,2),
(380,2,1),
(380,2,2),
(380,3,2),
(381,2,1),
(381,2,2),
(381,3,2),
(382,2,1),
(382,2,2),
(382,3,1),
(382,3,2),
(382,4,1),
(383,1,1),
(383,2,1),
(383,2,2),
(383,3,1),
(383,3,2),
(383,4,1),
(384,1,1),
(384,2,1),
(384,2,2),
(384,3,1),
(384,3,2),
(384,4,1),
(385,1,1),
(385,2,1),
(385,2,2),
(385,3,1),
(385,3,2),
(385,4,1),
(386,1,1),
(386,2,1),
(386,2,2),
(386,3,1),
(386,3,2),
(386,4,1),
(387,1,1),
(387,2,1),
(387,2,2),
(387,3,1),
(387,3,2),
(387,4,1),
(388,1,1),
(388,2,1),
(388,2,2),
(388,3,1),
(388,3,2),
(388,4,1),
(389,1,1),
(389,2,1),
(389,2,2),
(389,3,1),
(389,3,2),
(389,4,1),
(390,1,1),
(390,2,1),
(390,2,2),
(390,3,1),
(390,3,2),
(390,4,1),
(391,1,1),
(391,2,1),
(391,2,2),
(391,3,1),
(391,3,2),
(391,4,1),
(392,1,1),
(392,2,1),
(392,2,2),
(392,3,1),
(392,3,2),
(392,4,1),
(393,1,1),
(393,2,1),
(393,2,2),
(393,3,1),
(393,3,2),
(393,4,1),
(394,1,1),
(394,2,1),
(394,2,2),
(394,3,1),
(394,3,2),
(394,4,1),
(395,1,1),
(395,2,1),
(395,2,2),
(395,3,1),
(395,3,2),
(395,4,1),
(396,1,1),
(396,2,1),
(396,2,2),
(396,3,1),
(396,3,2),
(396,4,1),
(397,1,1),
(397,2,1),
(397,2,2),
(397,3,1),
(397,3,2),
(397,4,1),
(398,1,1),
(398,2,1),
(398,2,2),
(398,3,1),
(398,3,2),
(398,4,1),
(399,1,1),
(399,2,1),
(399,2,2),
(399,3,1),
(399,3,2),
(399,4,1),
(400,1,1),
(400,2,1),
(400,2,2),
(400,3,1),
(400,3,2),
(400,4,1),
(401,1,1),
(401,2,1),
(401,2,2),
(401,3,1),
(401,3,2),
(401,4,1),
(402,1,1),
(402,2,1),
(402,2,2),
(402,3,1),
(402,3,2),
(402,4,1),
(403,1,1),
(403,2,1),
(403,2,2),
(403,3,1),
(403,3,2),
(403,4,1),
(404,1,1),
(404,2,1),
(404,2,2),
(404,3,1),
(404,3,2),
(404,4,1),
(405,1,1),
(405,2,1),
(405,2,2),
(405,3,1),
(405,3,2),
(405,4,1),
(406,1,1),
(406,2,1),
(406,2,2),
(406,3,1),
(406,3,2),
(406,4,1),
(407,1,1),
(407,2,1),
(407,2,2),
(407,3,1),
(407,3,2),
(407,4,1),
(408,1,1),
(408,2,1),
(408,2,2),
(408,3,1),
(408,3,2),
(408,4,1),
(409,2,1),
(409,2,2),
(409,3,2),
(410,2,1),
(410,2,2),
(410,3,2),
(411,2,1),
(411,2,2),
(411,3,2),
(412,2,1),
(412,2,2),
(412,3,2),
(413,2,1),
(413,2,2),
(413,3,2),
(414,2,1),
(414,2,2),
(414,3,2),
(415,2,1),
(415,2,2),
(415,3,2),
(416,2,1),
(416,2,2),
(416,3,2),
(417,2,1),
(417,2,2),
(417,3,2),
(418,2,1),
(418,2,2),
(418,3,2),
(419,1,1),
(419,2,1),
(419,2,2),
(419,3,1),
(419,3,2),
(419,4,1),
(420,1,1),
(420,2,1),
(420,2,2),
(420,3,1),
(420,3,2),
(420,4,1),
(421,1,1),
(421,2,1),
(421,2,2),
(421,3,1),
(421,3,2),
(421,4,1),
(422,1,1),
(422,2,1),
(422,2,2),
(422,3,1),
(422,3,2),
(422,4,1),
(423,1,1),
(423,2,1),
(423,2,2),
(423,3,1),
(423,3,2),
(423,4,1),
(424,1,1),
(424,2,1),
(424,2,2),
(424,3,1),
(424,3,2),
(424,4,1),
(425,1,1),
(425,2,1),
(425,2,2),
(425,3,1),
(425,3,2),
(425,4,1),
(426,1,1),
(426,2,1),
(426,2,2),
(426,3,1),
(426,3,2),
(426,4,1),
(427,1,1),
(427,2,1),
(427,2,2),
(427,3,1),
(427,3,2),
(427,4,1),
(428,1,1),
(428,2,1),
(428,2,2),
(428,3,1),
(428,3,2),
(428,4,1),
(429,1,1),
(429,2,1),
(429,2,2),
(429,3,1),
(429,3,2),
(429,4,1),
(430,1,1),
(430,2,1),
(430,2,2),
(430,3,1),
(430,3,2),
(430,4,1),
(431,1,1),
(431,2,1),
(431,2,2),
(431,3,1),
(431,3,2),
(431,4,1),
(432,1,1),
(432,2,1),
(432,2,2),
(432,3,1),
(432,3,2),
(432,4,1),
(433,1,1),
(433,2,1),
(433,2,2),
(433,3,1),
(433,3,2),
(433,4,1),
(434,1,1),
(434,2,1),
(434,2,2),
(434,3,1),
(434,3,2),
(434,4,1),
(435,1,1),
(435,2,1),
(435,2,2),
(435,3,1),
(435,3,2),
(435,4,1),
(436,1,1),
(436,2,1),
(436,2,2),
(436,3,1),
(436,3,2),
(436,4,1),
(437,2,1),
(437,2,2),
(437,3,2),
(438,2,1),
(438,2,2),
(438,3,2),
(439,2,1),
(439,2,2),
(439,3,2),
(440,2,1),
(440,2,2),
(440,3,2),
(441,2,1),
(441,2,2),
(441,3,2),
(442,2,1),
(442,2,2),
(442,3,2),
(443,2,1),
(443,2,2),
(443,3,2),
(444,2,1),
(444,2,2),
(444,3,2),
(445,2,1),
(445,2,2),
(445,3,2),
(446,2,1),
(446,2,2),
(446,3,2),
(447,2,1),
(447,2,2),
(447,3,2),
(448,2,1),
(448,2,2),
(448,3,2),
(449,2,1),
(449,2,2),
(449,3,2),
(450,2,1),
(450,2,2),
(450,3,2),
(451,2,1),
(451,2,2),
(451,3,2),
(452,2,1),
(452,2,2),
(452,3,2),
(453,2,1),
(453,2,2),
(453,3,2),
(454,2,1),
(454,2,2),
(454,3,2),
(455,2,1),
(455,2,2),
(455,3,2),
(456,2,1),
(456,2,2),
(456,3,2),
(457,2,1),
(457,2,2),
(457,3,2),
(458,2,1),
(458,2,2),
(458,3,2),
(459,2,1),
(459,2,2),
(459,3,2),
(460,2,1),
(460,2,2),
(460,3,2),
(461,2,1),
(461,2,2),
(461,3,2),
(462,2,1),
(462,2,2),
(462,3,2),
(463,2,1),
(463,2,2),
(463,3,2),
(464,2,1),
(464,2,2),
(464,3,2),
(465,2,1),
(465,2,2),
(465,3,2),
(466,2,1),
(466,2,2),
(466,3,2),
(467,2,1),
(467,2,2),
(467,3,2),
(468,2,1),
(468,2,2),
(468,3,2),
(469,2,1),
(469,2,2),
(469,3,2),
(470,2,1),
(470,2,2),
(470,3,2),
(471,2,1),
(471,2,2),
(471,3,2),
(472,1,1),
(472,2,1),
(472,2,2),
(472,3,1),
(472,3,2),
(472,4,1),
(473,1,1),
(473,2,1),
(473,2,2),
(473,3,1),
(473,3,2),
(473,4,1),
(474,1,1),
(474,2,1),
(474,2,2),
(474,3,1),
(474,3,2),
(474,4,1),
(475,1,1),
(475,2,1),
(475,2,2),
(475,3,1),
(475,3,2),
(475,4,1),
(476,1,1),
(476,2,1),
(476,2,2),
(476,3,1),
(476,3,2),
(476,4,1),
(477,1,1),
(477,2,1),
(477,2,2),
(477,3,1),
(477,3,2),
(477,4,1),
(478,1,1),
(478,2,1),
(478,2,2),
(478,3,1),
(478,3,2),
(478,4,1),
(479,1,1),
(479,2,1),
(479,2,2),
(479,3,1),
(479,3,2),
(479,4,1),
(480,1,1),
(480,2,1),
(480,2,2),
(480,3,1),
(480,3,2),
(480,4,1),
(481,1,1),
(481,2,1),
(481,2,2),
(481,3,1),
(481,3,2),
(481,4,1),
(482,1,1),
(482,2,1),
(482,2,2),
(482,3,1),
(482,3,2),
(482,4,1),
(483,2,1),
(483,2,2),
(483,3,2),
(484,2,1),
(484,2,2),
(484,3,2),
(485,2,1),
(485,2,2),
(485,3,2),
(486,2,1),
(486,2,2),
(486,3,2),
(487,2,1),
(487,2,2),
(487,3,2),
(488,2,2),
(488,3,2),
(492,2,2),
(493,1,1),
(493,2,1),
(493,2,2),
(493,3,1),
(493,3,2),
(493,4,1),
(494,1,1),
(494,2,1),
(494,2,2),
(494,3,1),
(494,3,2),
(494,4,1),
(495,1,1),
(495,2,1),
(495,2,2),
(495,3,1),
(495,3,2),
(495,4,1),
(496,1,1),
(496,2,1),
(496,2,2),
(496,3,1),
(496,3,2),
(496,4,1),
(497,1,1),
(497,2,1),
(497,2,2),
(497,3,1),
(497,3,2),
(497,4,1),
(498,1,1),
(498,2,1),
(498,2,2),
(498,3,1),
(498,3,2),
(498,4,1),
(499,1,1),
(499,2,1),
(499,2,2),
(499,3,1),
(499,3,2),
(499,4,1),
(500,1,1),
(500,2,1),
(500,2,2),
(500,3,1),
(500,3,2),
(500,4,1),
(501,1,1),
(501,2,1),
(501,2,2),
(501,3,1),
(501,3,2),
(501,4,1),
(502,1,1),
(502,2,1),
(502,2,2),
(502,3,1),
(502,3,2),
(502,4,1),
(503,1,1),
(503,2,1),
(503,2,2),
(503,3,1),
(503,3,2),
(503,4,1),
(504,1,1),
(504,2,1),
(504,2,2),
(504,3,1),
(504,3,2),
(504,4,1),
(505,1,1),
(505,2,1),
(505,2,2),
(505,3,1),
(505,3,2),
(505,4,1),
(506,1,1),
(506,2,1),
(506,2,2),
(506,3,1),
(506,3,2),
(506,4,1),
(507,1,1),
(507,2,1),
(507,2,2),
(507,3,1),
(507,3,2),
(507,4,1),
(508,1,1),
(508,2,1),
(508,2,2),
(508,3,1),
(508,3,2),
(508,4,1),
(509,1,1),
(509,2,1),
(509,2,2),
(509,3,1),
(509,3,2),
(509,4,1),
(510,1,1),
(510,2,1),
(510,2,2),
(510,3,1),
(510,3,2),
(510,4,1),
(511,1,1),
(511,2,1),
(511,2,2),
(511,3,1),
(511,3,2),
(511,4,1),
(512,1,1),
(512,2,1),
(512,2,2),
(512,3,1),
(512,3,2),
(512,4,1),
(513,1,1),
(513,2,1),
(513,2,2),
(513,3,1),
(513,3,2),
(513,4,1),
(514,1,1),
(514,2,1),
(514,2,2),
(514,3,1),
(514,3,2),
(514,4,1),
(515,1,1),
(515,2,1),
(515,2,2),
(515,3,1),
(515,3,2),
(515,4,1),
(516,1,1),
(516,2,1),
(516,2,2),
(516,3,1),
(516,3,2),
(516,4,1),
(517,1,1),
(517,2,1),
(517,2,2),
(517,3,1),
(517,3,2),
(517,4,1),
(518,1,1),
(518,2,1),
(518,2,2),
(518,3,1),
(518,3,2),
(518,4,1),
(519,2,2),
(519,3,2),
(520,2,1),
(520,2,2),
(520,3,2),
(521,2,1),
(521,2,2),
(521,3,2),
(522,2,1),
(522,2,2),
(522,3,2),
(523,2,1),
(523,2,2),
(523,3,2),
(524,2,1),
(524,2,2),
(524,3,2),
(525,2,1),
(525,2,2),
(525,3,2),
(526,2,1),
(526,2,2),
(526,3,2),
(527,2,1),
(527,2,2),
(527,3,2),
(528,2,1),
(528,2,2),
(528,3,2),
(529,2,1),
(529,2,2),
(529,3,2),
(530,1,1),
(530,2,1),
(530,2,2),
(530,3,1),
(530,3,2),
(530,4,1),
(531,1,1),
(531,2,1),
(531,2,2),
(531,3,1),
(531,3,2),
(531,4,1),
(532,1,1),
(532,2,1),
(532,2,2),
(532,3,1),
(532,3,2),
(532,4,1),
(533,1,1),
(533,2,1),
(533,2,2),
(533,3,1),
(533,3,2),
(533,4,1),
(534,1,1),
(534,2,1),
(534,2,2),
(534,3,1),
(534,3,2),
(534,4,1),
(535,1,1),
(535,2,1),
(535,2,2),
(535,3,1),
(535,3,2),
(535,4,1),
(536,1,1),
(536,2,1),
(536,2,2),
(536,3,1),
(536,3,2),
(536,4,1),
(537,1,1),
(537,2,1),
(537,2,2),
(537,3,1),
(537,3,2),
(537,4,1),
(538,1,1),
(538,2,1),
(538,2,2),
(538,3,1),
(538,3,2),
(538,4,1),
(541,1,1),
(541,2,1),
(541,2,2),
(541,3,1),
(541,3,2),
(541,4,1),
(542,1,1),
(542,2,1),
(542,2,2),
(542,3,1),
(542,3,2),
(542,4,1),
(543,1,1),
(543,2,1),
(543,2,2),
(543,3,1),
(543,3,2),
(543,4,1),
(544,1,1),
(544,2,1),
(544,2,2),
(544,3,1),
(544,3,2),
(544,4,1),
(545,1,1),
(545,2,1),
(545,2,2),
(545,3,1),
(545,3,2),
(545,4,1),
(546,1,1),
(546,2,1),
(546,2,2),
(546,3,1),
(546,3,2),
(546,4,1),
(547,1,1),
(547,2,1),
(547,2,2),
(547,3,1),
(547,3,2),
(547,4,1),
(549,2,1),
(549,2,2),
(549,3,2),
(550,2,1),
(550,2,2),
(550,3,2),
(551,2,1),
(551,2,2),
(551,3,2),
(552,2,1),
(552,2,2),
(552,3,2),
(553,2,1),
(553,2,2),
(553,3,2),
(554,2,1),
(554,2,2),
(554,3,2),
(555,2,1),
(555,2,2),
(555,3,2),
(556,2,1),
(556,2,2),
(556,3,2),
(557,2,1),
(557,2,2),
(557,3,2),
(558,2,1),
(558,2,2),
(558,3,2),
(559,2,1),
(559,2,2),
(559,3,2),
(560,2,1),
(560,2,2),
(560,3,2),
(561,2,1),
(561,2,2),
(561,3,2),
(562,2,1),
(562,2,2),
(562,3,2),
(563,2,1),
(563,2,2),
(563,3,2),
(564,2,1),
(564,2,2),
(564,3,2),
(565,2,1),
(565,2,2),
(565,3,2),
(566,2,1),
(566,2,2),
(566,3,2),
(567,2,1),
(567,2,2),
(567,3,2),
(568,2,1),
(568,2,2),
(568,3,2),
(569,2,2),
(569,3,2),
(570,2,2),
(570,3,2),
(571,2,2),
(571,3,2),
(572,2,2),
(572,3,2),
(573,2,2),
(573,3,2),
(574,2,2),
(574,3,2),
(575,2,2),
(575,3,2),
(576,2,2),
(576,3,2),
(577,2,2),
(577,3,2),
(578,2,2),
(578,3,2),
(579,2,2),
(579,3,2),
(580,2,2),
(580,3,2),
(581,2,1),
(581,2,2),
(581,3,2),
(582,2,1),
(582,2,2),
(582,3,2),
(583,2,1),
(583,2,2),
(583,3,2),
(584,2,1),
(584,2,2),
(584,3,2),
(585,2,1),
(585,2,2),
(585,3,2),
(586,2,1),
(586,2,2),
(586,3,2),
(587,2,1),
(587,2,2),
(587,3,2),
(588,2,1),
(588,2,2),
(588,3,2),
(589,2,1),
(589,2,2),
(589,3,2),
(590,2,1),
(590,2,2),
(590,3,2),
(591,2,1),
(591,2,2),
(591,3,2),
(592,2,1),
(592,2,2),
(592,3,2),
(593,2,1),
(593,2,2),
(593,3,2),
(594,2,1),
(594,2,2),
(594,3,2),
(595,2,1),
(595,2,2),
(595,3,2),
(596,2,1),
(596,2,2),
(596,3,2),
(597,2,1),
(597,2,2),
(597,3,2),
(598,2,1),
(598,2,2),
(598,3,2),
(599,2,1),
(599,2,2),
(599,3,2),
(600,2,1),
(600,2,2),
(600,3,2),
(601,2,1),
(601,2,2),
(601,3,2),
(602,2,1),
(602,2,2),
(602,3,2),
(603,2,1),
(603,2,2),
(603,3,2),
(604,2,1),
(604,2,2),
(604,3,2),
(605,2,1),
(605,2,2),
(605,3,2),
(606,2,1),
(606,2,2),
(606,3,2),
(607,1,1),
(607,2,1),
(607,2,2),
(607,3,1),
(607,3,2),
(607,4,1),
(608,1,1),
(608,2,1),
(608,2,2),
(608,3,1),
(608,3,2),
(608,4,1),
(609,1,1),
(609,2,1),
(609,2,2),
(609,3,1),
(609,3,2),
(609,4,1),
(610,1,1),
(610,2,1),
(610,2,2),
(610,3,1),
(610,3,2),
(610,4,1),
(611,1,1),
(611,2,1),
(611,2,2),
(611,3,1),
(611,3,2),
(611,4,1),
(612,1,1),
(612,2,1),
(612,2,2),
(612,3,1),
(612,3,2),
(612,4,1),
(613,1,1),
(613,2,1),
(613,2,2),
(613,3,1),
(613,3,2),
(613,4,1),
(614,1,1),
(614,2,1),
(614,2,2),
(614,3,1),
(614,3,2),
(614,4,1),
(615,1,1),
(615,2,1),
(615,2,2),
(615,3,1),
(615,3,2),
(615,4,1),
(616,1,1),
(616,2,1),
(616,2,2),
(616,3,1),
(616,3,2),
(616,4,1),
(617,1,1),
(617,2,1),
(617,2,2),
(617,3,1),
(617,3,2),
(617,4,1),
(618,1,1),
(618,2,1),
(618,2,2),
(618,3,1),
(618,3,2),
(618,4,1),
(619,1,1),
(619,2,1),
(619,2,2),
(619,3,1),
(619,3,2),
(619,4,1),
(620,1,1),
(620,2,1),
(620,2,2),
(620,3,1),
(620,3,2),
(620,4,1),
(621,1,1),
(621,2,1),
(621,2,2),
(621,3,1),
(621,3,2),
(621,4,1),
(622,1,1),
(622,2,1),
(622,2,2),
(622,3,1),
(622,3,2),
(622,4,1),
(623,1,1),
(623,2,1),
(623,2,2),
(623,3,1),
(623,3,2),
(623,4,1),
(624,1,1),
(624,2,1),
(624,2,2),
(624,3,1),
(624,3,2),
(624,4,1),
(625,2,1),
(625,2,2),
(625,3,2),
(626,2,1),
(626,2,2),
(626,3,2),
(627,2,1),
(627,2,2),
(627,3,2),
(628,2,1),
(628,2,2),
(628,3,2),
(629,2,1),
(629,2,2),
(629,3,2),
(630,2,1),
(630,2,2),
(630,3,2),
(631,2,1),
(631,2,2),
(631,3,2),
(632,2,1),
(632,2,2),
(632,3,2),
(633,2,1),
(633,2,2),
(633,3,2),
(634,2,1),
(634,2,2),
(634,3,2),
(635,2,1),
(635,2,2),
(635,3,2),
(636,2,1),
(636,2,2),
(636,3,2),
(637,2,1),
(637,2,2),
(637,3,2),
(638,2,1),
(638,2,2),
(638,3,2),
(639,2,1),
(639,2,2),
(639,3,2),
(640,2,1),
(640,2,2),
(640,3,2),
(641,2,1),
(641,2,2),
(641,3,2),
(642,2,1),
(642,2,2),
(642,3,2),
(643,2,1),
(643,2,2),
(643,3,2),
(644,2,1),
(644,2,2),
(644,3,2),
(666,2,1),
(666,2,2),
(666,3,2),
(667,2,2),
(667,3,2),
(668,2,1),
(668,2,2),
(668,3,2),
(669,2,2),
(669,3,2),
(670,2,2),
(670,3,2),
(671,2,1),
(671,2,2),
(671,3,2),
(672,2,1),
(672,2,2),
(672,3,2),
(673,2,1),
(673,2,2),
(673,3,2),
(674,2,1),
(674,2,2),
(674,3,2),
(675,2,2),
(675,3,2),
(676,2,2),
(676,3,2),
(677,2,1),
(677,2,2),
(677,3,2),
(678,2,1),
(678,2,2),
(678,3,2),
(679,2,1),
(679,2,2),
(679,3,2),
(680,2,1),
(680,2,2),
(680,3,2),
(681,2,1),
(681,2,2),
(681,3,2),
(682,2,1),
(682,2,2),
(682,3,2),
(683,2,1),
(683,2,2),
(683,3,2),
(684,2,2),
(684,3,2),
(685,2,2),
(685,3,2),
(686,2,2),
(686,3,2),
(687,2,1),
(687,2,2),
(687,3,2),
(688,2,1),
(688,2,2),
(688,3,2),
(689,2,1),
(689,2,2),
(689,3,2),
(690,2,1),
(690,2,2),
(690,3,2),
(691,2,2),
(691,3,2),
(692,2,1),
(692,2,2),
(692,3,2),
(693,2,2),
(693,3,2),
(694,2,2),
(694,3,2),
(695,2,2),
(695,3,2),
(696,2,2),
(696,3,2),
(697,2,2),
(697,3,2),
(698,2,2),
(698,3,2),
(699,2,2),
(699,3,2),
(700,2,2),
(700,3,2),
(701,2,2),
(701,3,2),
(702,2,2),
(702,3,2),
(703,2,2),
(703,3,2),
(704,2,2),
(704,3,2),
(707,2,2),
(707,3,2),
(708,2,2),
(708,3,2),
(709,2,2),
(709,3,2),
(710,2,2),
(710,3,2),
(711,2,2),
(711,3,2),
(712,2,2),
(712,3,2),
(713,2,2),
(713,3,2),
(714,2,2),
(714,3,2),
(715,2,1),
(715,2,2),
(715,3,2),
(716,2,1),
(716,2,2),
(716,3,2),
(717,2,1),
(717,2,2),
(717,3,2),
(722,2,2),
(722,3,2),
(742,2,2),
(742,3,2),
(743,2,2),
(743,3,2),
(744,2,2),
(744,3,2),
(745,2,2),
(745,3,2),
(746,2,2),
(746,3,2),
(747,2,2),
(747,3,2),
(748,2,2),
(748,3,2),
(749,2,2),
(749,3,2),
(750,2,2),
(750,3,2),
(751,2,2),
(751,3,2),
(752,2,2),
(752,3,2),
(753,2,2),
(753,3,2),
(754,2,1),
(754,2,2),
(754,3,2),
(755,2,1),
(755,2,2),
(755,3,2),
(757,2,2),
(757,3,2),
(758,2,1),
(758,2,2),
(758,3,2),
(759,2,1),
(759,2,2),
(759,3,2),
(760,2,1),
(760,2,2),
(760,3,2),
(761,2,1),
(761,2,2),
(761,3,2),
(762,2,1),
(762,2,2),
(762,3,2),
(763,2,1),
(763,2,2),
(763,3,2),
(764,2,1),
(764,2,2),
(764,3,2),
(765,2,1),
(765,2,2),
(765,3,2),
(766,2,1),
(766,2,2),
(766,3,2),
(767,2,1),
(767,2,2),
(767,3,2),
(768,2,1),
(768,2,2),
(768,3,2),
(769,2,1),
(769,2,2),
(769,3,2),
(770,2,1),
(770,2,2),
(770,3,2),
(771,2,1),
(771,2,2),
(771,3,2),
(772,2,1),
(772,2,2),
(772,3,2),
(773,2,1),
(773,2,2),
(773,3,2),
(798,2,1),
(798,2,2),
(798,3,2),
(799,2,1),
(799,2,2),
(799,3,2),
(800,2,1),
(800,2,2),
(800,3,2),
(801,2,1),
(801,2,2),
(801,3,2),
(802,2,1),
(802,2,2),
(802,3,2),
(803,2,1),
(803,2,2),
(803,3,2),
(804,2,1),
(804,2,2),
(804,3,2),
(805,2,1),
(805,2,2),
(805,3,2),
(806,2,1),
(806,2,2),
(806,3,2),
(807,2,1),
(807,2,2),
(807,3,2),
(808,2,1),
(808,2,2),
(808,3,2),
(809,2,1),
(809,2,2),
(809,3,2),
(810,2,1),
(810,2,2),
(810,3,2),
(811,2,1),
(811,2,2),
(811,3,2),
(812,2,1),
(812,2,2),
(812,3,2),
(813,2,1),
(813,2,2),
(813,3,2),
(814,2,1),
(814,2,2),
(814,3,2),
(815,2,1),
(815,2,2),
(815,3,2),
(816,2,1),
(816,2,2),
(816,3,2),
(817,2,1),
(817,2,2),
(817,3,2),
(818,2,1),
(818,2,2),
(818,3,2),
(819,2,1),
(819,2,2),
(819,3,2),
(820,2,1),
(820,2,2),
(820,3,2),
(821,2,1),
(821,2,2),
(821,3,2),
(822,2,1),
(822,2,2),
(822,3,2),
(823,2,1),
(823,2,2),
(823,3,2),
(824,2,1),
(824,2,2),
(824,3,2),
(825,2,1),
(825,2,2),
(825,3,2),
(826,2,1),
(826,2,2),
(826,3,2),
(827,2,1),
(827,2,2),
(827,3,2),
(828,2,1),
(828,2,2),
(828,3,2),
(829,2,1),
(829,2,2),
(829,3,2),
(830,2,1),
(830,2,2),
(830,3,2),
(831,2,1),
(831,2,2),
(831,3,2),
(832,2,1),
(832,2,2),
(832,3,2),
(833,2,1),
(833,2,2),
(833,3,2),
(834,2,1),
(834,2,2),
(834,3,2),
(835,2,1),
(835,2,2),
(835,3,2),
(836,2,1),
(836,2,2),
(836,3,2),
(837,2,1),
(837,2,2),
(837,3,2),
(838,2,1),
(838,2,2),
(838,3,2),
(839,2,1),
(839,2,2),
(839,3,2),
(840,2,1),
(840,2,2),
(840,3,2),
(841,2,1),
(841,2,2),
(841,3,2),
(842,2,1),
(842,2,2),
(842,3,2),
(843,2,1),
(843,2,2),
(843,3,2),
(844,2,1),
(844,2,2),
(844,3,2),
(845,2,1),
(845,2,2),
(845,3,2),
(846,2,1),
(846,2,2),
(846,3,2),
(847,1,1),
(847,2,1),
(847,2,2),
(847,3,1),
(847,3,2),
(847,4,1),
(848,1,1),
(848,2,1),
(848,2,2),
(848,3,1),
(848,3,2),
(848,4,1),
(849,1,1),
(849,2,1),
(849,2,2),
(849,3,1),
(849,3,2),
(849,4,1),
(850,1,1),
(850,2,1),
(850,2,2),
(850,3,1),
(850,3,2),
(850,4,1),
(851,1,1),
(851,2,1),
(851,2,2),
(851,3,1),
(851,3,2),
(851,4,1),
(852,1,1),
(852,2,1),
(852,2,2),
(852,3,1),
(852,3,2),
(852,4,1),
(853,1,1),
(853,2,1),
(853,2,2),
(853,3,1),
(853,3,2),
(853,4,1),
(854,2,1),
(854,2,2),
(854,3,2),
(855,2,1),
(855,2,2),
(855,3,2),
(856,2,1),
(856,2,2),
(856,3,2),
(857,2,1),
(857,2,2),
(857,3,2),
(858,2,1),
(858,2,2),
(858,3,2),
(859,2,1),
(859,2,2),
(859,3,2),
(860,2,1),
(860,2,2),
(860,3,2),
(861,2,1),
(861,2,2),
(861,3,2),
(862,2,1),
(862,2,2),
(862,3,2),
(863,2,1),
(863,2,2),
(863,3,2),
(864,2,1),
(864,2,2),
(864,3,2),
(865,1,1),
(865,2,1),
(865,2,2),
(865,3,1),
(865,3,2),
(865,4,1),
(866,2,2),
(866,3,2),
(869,2,1),
(869,2,2),
(869,3,2),
(870,1,1),
(870,2,1),
(870,2,2),
(870,3,1),
(870,3,2),
(870,4,1),
(873,1,1),
(873,2,1),
(873,2,2),
(873,3,1),
(873,3,2),
(873,4,1),
(874,1,1),
(874,2,1),
(874,2,2),
(874,3,1),
(874,3,2),
(874,4,1),
(875,1,1),
(875,2,1),
(875,2,2),
(875,3,1),
(875,3,2),
(875,4,1),
(876,1,1),
(876,2,1),
(876,2,2),
(876,3,1),
(876,3,2),
(876,4,1),
(877,1,1),
(877,2,1),
(877,2,2),
(877,3,1),
(877,3,2),
(877,4,1),
(878,1,1),
(878,2,1),
(878,2,2),
(878,3,1),
(878,3,2),
(878,4,1),
(879,1,1),
(879,2,1),
(879,2,2),
(879,3,1),
(879,3,2),
(879,4,1),
(880,1,1),
(880,2,1),
(880,2,2),
(880,3,1),
(880,3,2),
(880,4,1),
(881,1,1),
(881,2,1),
(881,2,2),
(881,3,1),
(881,3,2),
(881,4,1),
(882,1,1),
(882,2,1),
(882,2,2),
(882,3,1),
(882,3,2),
(882,4,1),
(883,1,1),
(883,2,1),
(883,2,2),
(883,3,1),
(883,3,2),
(883,4,1),
(884,2,1),
(884,2,2),
(884,3,2),
(885,2,1),
(885,2,2),
(885,3,2),
(886,2,1),
(886,2,2),
(886,3,2),
(887,2,1),
(887,2,2),
(887,3,2),
(888,2,1),
(888,2,2),
(888,3,2),
(889,2,1),
(889,2,2),
(889,3,2),
(890,2,1),
(890,2,2),
(890,3,2),
(891,2,1),
(891,2,2),
(891,3,2),
(892,2,1),
(892,2,2),
(892,3,2),
(893,2,1),
(893,2,2),
(893,3,2),
(894,2,1),
(894,2,2),
(894,3,2),
(895,2,1),
(895,2,2),
(895,3,2),
(896,2,1),
(896,2,2),
(896,3,2),
(897,2,1),
(897,2,2),
(897,3,2),
(898,2,1),
(898,2,2),
(898,3,2),
(899,2,1),
(899,2,2),
(899,3,2),
(900,2,1),
(900,2,2),
(900,3,2),
(901,2,2),
(901,3,2),
(902,2,2),
(902,3,2),
(903,2,1),
(903,2,2),
(903,3,2),
(904,2,1),
(904,2,2),
(904,3,2),
(905,2,1),
(905,2,2),
(905,3,2),
(906,2,2),
(906,3,2),
(907,2,2),
(907,3,2),
(908,2,2),
(908,3,2),
(909,2,2),
(909,3,2),
(910,2,2),
(910,3,2),
(911,2,2),
(911,3,2),
(912,2,2),
(912,3,2),
(913,2,2),
(913,3,2),
(914,2,2),
(914,3,2),
(915,2,2),
(915,3,2),
(916,2,2),
(916,3,2),
(917,2,2),
(917,3,2),
(918,2,2),
(918,3,2),
(919,2,2),
(919,3,2),
(920,2,2),
(920,3,2),
(921,2,2),
(921,3,2),
(922,2,2),
(922,3,2),
(923,2,2),
(923,3,2),
(924,2,2),
(924,3,2),
(925,2,2),
(925,3,2),
(926,2,2),
(926,3,2),
(927,2,2),
(927,3,2),
(928,2,2),
(928,3,2),
(929,2,2),
(929,3,2),
(930,2,2),
(930,3,2),
(931,2,2),
(931,3,2),
(932,2,2),
(932,3,2),
(933,2,2),
(933,3,2),
(934,2,2),
(934,3,2),
(935,2,2),
(935,3,2),
(936,2,2),
(936,3,2),
(937,2,2),
(937,3,2),
(938,2,2),
(938,3,2),
(939,2,2),
(939,3,2),
(940,2,1),
(940,2,2),
(940,3,2),
(941,2,1),
(941,2,2),
(941,3,2),
(942,2,1),
(942,2,2),
(942,3,2),
(943,2,1),
(943,2,2),
(943,3,2),
(944,2,1),
(944,2,2),
(944,3,2),
(945,2,1),
(945,2,2),
(945,3,2),
(946,2,1),
(946,2,2),
(946,3,2),
(947,2,1),
(947,2,2),
(947,3,2),
(948,2,1),
(948,2,2),
(948,3,2),
(949,2,1),
(949,2,2),
(949,3,2),
(950,2,1),
(950,2,2),
(950,3,2),
(951,2,1),
(951,2,2),
(951,3,2),
(952,2,1),
(952,2,2),
(952,3,2),
(953,2,1),
(953,2,2),
(953,3,2),
(954,2,1),
(954,2,2),
(954,3,2),
(955,2,1),
(955,2,2),
(955,3,2),
(956,2,1),
(956,2,2),
(956,3,2),
(957,2,1),
(957,2,2),
(957,3,2),
(962,2,1),
(962,2,2),
(962,3,2),
(963,2,1),
(963,2,2),
(963,3,2),
(964,2,1),
(964,2,2),
(964,3,2),
(965,2,1),
(965,2,2),
(965,3,2),
(966,2,2),
(966,3,2),
(967,2,1),
(967,2,2),
(967,3,2),
(968,2,1),
(968,2,2),
(968,3,2),
(969,2,1),
(969,2,2),
(969,3,2),
(970,2,1),
(970,2,2),
(970,3,2),
(971,2,1),
(971,2,2),
(971,3,2),
(972,2,1),
(972,2,2),
(972,3,2),
(973,2,1),
(973,2,2),
(973,3,2),
(974,2,1),
(974,2,2),
(974,3,2),
(975,2,1),
(975,2,2),
(975,3,2),
(976,2,1),
(976,2,2),
(976,3,2),
(977,2,1),
(977,2,2),
(977,3,2),
(978,2,1),
(978,2,2),
(978,3,2),
(979,2,1),
(979,2,2),
(979,3,2),
(980,2,1),
(980,2,2),
(980,3,2),
(981,2,1),
(981,2,2),
(981,3,2),
(982,2,1),
(982,2,2),
(982,3,2),
(983,2,1),
(983,2,2),
(983,3,2),
(984,2,1),
(984,2,2),
(984,3,2),
(985,2,1),
(985,2,2),
(985,3,2),
(986,2,1),
(986,2,2),
(986,3,2),
(987,2,1),
(987,2,2),
(987,3,2),
(988,2,1),
(988,2,2),
(988,3,2),
(989,2,1),
(989,2,2),
(989,3,2),
(990,2,1),
(990,2,2),
(990,3,2),
(991,2,1),
(991,2,2),
(991,3,2),
(992,2,1),
(992,2,2),
(992,3,2),
(993,2,1),
(993,2,2),
(993,3,2),
(994,2,1),
(994,2,2),
(994,3,2),
(995,2,1),
(995,2,2),
(995,3,2),
(996,2,1),
(996,2,2),
(996,3,2),
(997,2,1),
(997,2,2),
(997,3,2),
(998,2,1),
(998,2,2),
(998,3,2),
(999,2,1),
(999,2,2),
(999,3,2),
(1000,2,1),
(1000,2,2),
(1000,3,2),
(1001,2,1),
(1001,2,2),
(1001,3,2),
(1002,2,1),
(1002,2,2),
(1002,3,2),
(1003,2,1),
(1003,2,2),
(1003,3,2),
(1006,2,1),
(1006,2,2),
(1006,3,2),
(1007,2,1),
(1007,2,2),
(1007,3,2),
(1008,2,1),
(1008,2,2),
(1008,3,2),
(1009,2,1),
(1009,2,2),
(1009,3,2),
(1010,2,1),
(1010,2,2),
(1010,3,2),
(1011,2,1),
(1011,2,2),
(1011,3,2),
(1012,2,1),
(1012,2,2),
(1012,3,2),
(1013,2,1),
(1013,2,2),
(1013,3,2),
(1014,2,1),
(1014,2,2),
(1014,3,2),
(1015,2,1),
(1015,2,2),
(1015,3,2),
(1016,2,1),
(1016,2,2),
(1016,3,2),
(1017,2,1),
(1017,2,2),
(1017,3,2),
(1018,2,1),
(1018,2,2),
(1018,3,2),
(1019,2,1),
(1019,2,2),
(1019,3,2),
(1020,2,1),
(1020,2,2),
(1020,3,2),
(1021,2,1),
(1021,2,2),
(1021,3,2),
(1022,2,1),
(1022,2,2),
(1022,3,2),
(1023,2,1),
(1023,2,2),
(1023,3,2),
(1024,2,1),
(1024,2,2),
(1024,3,2),
(1025,2,1),
(1025,2,2),
(1025,3,2),
(1026,2,1),
(1026,2,2),
(1026,3,2),
(1027,2,1),
(1027,2,2),
(1027,3,2),
(1028,2,1),
(1028,2,2),
(1028,3,2),
(1029,2,2),
(1029,3,2),
(1030,2,1),
(1030,2,2),
(1030,3,2),
(1031,2,1),
(1031,2,2),
(1031,3,2),
(1032,2,1),
(1032,2,2),
(1032,3,2),
(1033,2,1),
(1033,2,2),
(1033,3,2),
(1034,2,2),
(1034,3,2),
(1035,2,2),
(1035,3,2),
(1036,2,2),
(1036,3,2),
(1037,2,2),
(1037,3,2),
(1038,2,2),
(1038,3,2),
(1039,2,2),
(1039,3,2),
(1040,2,2),
(1040,3,2),
(1041,2,2),
(1041,3,2),
(1042,2,2),
(1042,3,2),
(1043,2,2),
(1043,3,2),
(1044,2,2),
(1044,3,2),
(1045,2,2),
(1045,3,2),
(1046,2,2),
(1046,3,2),
(1047,2,2),
(1047,3,2),
(1048,2,2),
(1048,3,2),
(1049,2,2),
(1049,3,2),
(1050,2,2),
(1050,3,2),
(1051,2,1),
(1051,2,2),
(1051,3,2),
(1052,2,1),
(1052,2,2),
(1052,3,2),
(1053,2,1),
(1053,2,2),
(1053,3,2),
(1054,2,1),
(1054,2,2),
(1054,3,2),
(1055,2,1),
(1055,2,2),
(1055,3,2),
(1056,2,1),
(1056,2,2),
(1056,3,2),
(1057,2,1),
(1057,2,2),
(1057,3,2),
(1058,2,1),
(1058,2,2),
(1058,3,2),
(1059,2,1),
(1059,2,2),
(1059,3,2),
(1060,2,1),
(1060,2,2),
(1060,3,2),
(1061,2,1),
(1061,2,2),
(1061,3,2),
(1062,2,1),
(1062,2,2),
(1062,3,2),
(1063,2,1),
(1063,2,2),
(1063,3,2),
(1064,2,1),
(1064,2,2),
(1064,3,2),
(1065,2,1),
(1065,2,2),
(1065,3,2),
(1066,2,1),
(1066,2,2),
(1066,3,2),
(1067,2,1),
(1067,2,2),
(1067,3,2),
(1068,2,1),
(1068,2,2),
(1068,3,2),
(1069,2,1),
(1069,2,2),
(1069,3,2),
(1070,2,1),
(1070,2,2),
(1070,3,2),
(1071,2,1),
(1071,2,2),
(1071,3,2),
(1072,2,1),
(1072,2,2),
(1072,3,2),
(1073,2,1),
(1073,2,2),
(1073,3,2),
(1074,2,1),
(1074,2,2),
(1074,3,2),
(1075,2,1),
(1075,2,2),
(1075,3,2),
(1076,2,1),
(1076,2,2),
(1076,3,2),
(1077,2,1),
(1077,2,2),
(1077,3,2),
(1078,2,1),
(1078,2,2),
(1078,3,2),
(1079,2,1),
(1079,2,2),
(1079,3,2),
(1080,2,1),
(1080,2,2),
(1080,3,2),
(1081,2,1),
(1081,2,2),
(1081,3,2),
(1082,2,1),
(1082,2,2),
(1082,3,2),
(1083,2,1),
(1083,2,2),
(1083,3,2),
(1084,2,1),
(1084,2,2),
(1084,3,2),
(1085,2,1),
(1085,2,2),
(1085,3,2),
(1086,2,1),
(1086,2,2),
(1086,3,2),
(1087,2,1),
(1087,2,2),
(1087,3,2),
(1088,2,1),
(1088,2,2),
(1088,3,2),
(1089,2,1),
(1089,2,2),
(1089,3,2),
(1090,2,1),
(1090,2,2),
(1090,3,2),
(1091,2,1),
(1091,2,2),
(1091,3,2),
(1092,2,1),
(1092,2,2),
(1092,3,2),
(1093,2,1),
(1093,2,2),
(1093,3,2),
(1094,2,1),
(1094,2,2),
(1094,3,2),
(1095,2,1),
(1095,2,2),
(1095,3,2),
(1096,2,1),
(1096,2,2),
(1096,3,2),
(1097,2,1),
(1097,2,2),
(1097,3,2),
(1098,2,1),
(1098,2,2),
(1098,3,2),
(1099,2,1),
(1099,2,2),
(1099,3,2),
(1100,2,1),
(1100,2,2),
(1100,3,2),
(1101,2,1),
(1101,2,2),
(1101,3,2),
(1102,2,1),
(1102,2,2),
(1102,3,2),
(1103,2,1),
(1103,2,2),
(1103,3,2),
(1104,2,1),
(1104,2,2),
(1104,3,2),
(1105,2,1),
(1105,2,2),
(1105,3,2),
(1106,2,1),
(1106,2,2),
(1106,3,2),
(1107,2,1),
(1107,2,2),
(1107,3,2),
(1108,2,1),
(1108,2,2),
(1108,3,2),
(1109,2,1),
(1109,2,2),
(1109,3,2),
(1110,2,1),
(1110,2,2),
(1110,3,2),
(1111,2,1),
(1111,2,2),
(1111,3,2),
(1112,2,1),
(1112,2,2),
(1112,3,2),
(1113,2,1),
(1113,2,2),
(1113,3,2),
(1114,2,1),
(1114,2,2),
(1114,3,2),
(1115,2,1),
(1115,2,2),
(1115,3,2),
(1116,2,1),
(1116,2,2),
(1116,3,2),
(1117,2,1),
(1117,2,2),
(1117,3,2),
(1118,2,1),
(1118,2,2),
(1118,3,2),
(1119,2,1),
(1119,2,2),
(1119,3,2),
(1120,2,1),
(1120,2,2),
(1120,3,2),
(1121,2,1),
(1121,2,2),
(1121,3,2),
(1122,2,1),
(1122,2,2),
(1122,3,2),
(1123,2,1),
(1123,2,2),
(1123,3,2),
(1124,2,1),
(1124,2,2),
(1124,3,2),
(1125,2,1),
(1125,2,2),
(1125,3,2),
(1126,2,1),
(1126,2,2),
(1126,3,2),
(1127,2,1),
(1127,2,2),
(1127,3,2),
(1128,2,1),
(1128,2,2),
(1128,3,2),
(1129,2,1),
(1129,2,2),
(1129,3,2),
(1130,2,1),
(1130,2,2),
(1130,3,2),
(1131,2,1),
(1131,2,2),
(1131,3,2),
(1132,2,1),
(1132,2,2),
(1132,3,2),
(1133,2,1),
(1133,2,2),
(1133,3,2),
(1134,2,1),
(1134,2,2),
(1134,3,2),
(1135,2,1),
(1135,2,2),
(1135,3,2),
(1136,2,1),
(1136,2,2),
(1136,3,2),
(1137,2,1),
(1137,2,2),
(1137,3,2),
(1138,2,1),
(1138,2,2),
(1138,3,2),
(1139,2,1),
(1139,2,2),
(1139,3,2),
(1140,2,1),
(1140,2,2),
(1140,3,2),
(1141,2,1),
(1141,2,2),
(1141,3,2),
(1142,2,1),
(1142,2,2),
(1142,3,2),
(1143,2,1),
(1143,2,2),
(1143,3,2),
(1144,2,1),
(1144,2,2),
(1144,3,2),
(1145,2,2),
(1145,3,2),
(1146,2,1),
(1146,2,2),
(1146,3,2),
(1147,2,1),
(1147,2,2),
(1147,3,2),
(1148,2,1),
(1148,2,2),
(1148,3,2),
(1149,2,1),
(1149,2,2),
(1149,3,2),
(1150,2,2),
(1150,3,2),
(1151,2,2),
(1151,3,2),
(1152,2,2),
(1152,3,2),
(1153,2,2),
(1153,3,2),
(1154,2,2),
(1154,3,2),
(1155,2,2),
(1155,3,2),
(1156,2,2),
(1156,3,2),
(1159,2,2),
(1159,3,2),
(1160,2,2),
(1160,3,2),
(1161,2,2),
(1161,3,2),
(1162,2,2),
(1162,3,2),
(1163,2,2),
(1163,3,2),
(1164,2,2),
(1164,3,2),
(1165,2,2),
(1165,3,2),
(1166,2,2),
(1166,3,2),
(1167,2,1),
(1167,2,2),
(1167,3,2),
(1168,2,2),
(1168,3,2),
(1169,2,2),
(1169,3,2),
(1170,2,2),
(1170,3,2),
(1171,2,1),
(1171,2,2),
(1171,3,2),
(1172,2,1),
(1172,2,2),
(1172,3,2),
(1173,2,1),
(1173,2,2),
(1173,3,2),
(1174,2,1),
(1174,2,2),
(1174,3,2),
(1175,2,1),
(1175,2,2),
(1175,3,2),
(1176,2,1),
(1176,2,2),
(1176,3,2),
(1177,2,1),
(1177,2,2),
(1177,3,2),
(1178,2,1),
(1178,2,2),
(1178,3,2),
(1179,2,1),
(1179,2,2),
(1179,3,2),
(1180,2,1),
(1180,2,2),
(1180,3,2),
(1181,2,1),
(1181,2,2),
(1181,3,2),
(1182,2,1),
(1182,2,2),
(1182,3,2),
(1183,2,1),
(1183,2,2),
(1183,3,2),
(1184,2,1),
(1184,2,2),
(1184,3,2),
(1185,2,1),
(1185,2,2),
(1185,3,2),
(1186,2,1),
(1186,2,2),
(1186,3,2),
(1187,2,2),
(1187,3,2),
(1188,2,2),
(1188,3,2),
(1189,2,2),
(1189,3,2),
(1190,2,2),
(1190,3,2),
(1191,2,2),
(1191,3,2),
(1192,2,2),
(1192,3,2),
(1193,2,2),
(1193,3,2),
(1194,2,1),
(1194,2,2),
(1194,3,2),
(1197,2,1),
(1197,2,2),
(1197,3,2),
(1198,2,1),
(1198,2,2),
(1198,3,2),
(1199,2,1),
(1199,2,2),
(1199,3,2),
(1200,2,1),
(1200,2,2),
(1200,3,2),
(1201,2,1),
(1201,2,2),
(1201,3,2),
(1202,2,1),
(1202,2,2),
(1202,3,2),
(1203,2,1),
(1203,2,2),
(1203,3,2),
(1204,2,1),
(1204,2,2),
(1204,3,2),
(1205,2,1),
(1205,2,2),
(1205,3,2),
(1206,2,1),
(1206,2,2),
(1206,3,2),
(1207,2,1),
(1207,2,2),
(1207,3,2),
(1208,2,1),
(1208,2,2),
(1208,3,2),
(1209,2,1),
(1209,2,2),
(1209,3,2),
(1210,2,1),
(1210,2,2),
(1210,3,2),
(1211,2,1),
(1211,2,2),
(1211,3,2),
(1212,2,1),
(1212,2,2),
(1212,3,2),
(1213,2,1),
(1213,2,2),
(1213,3,2),
(1214,2,1),
(1214,2,2),
(1214,3,2),
(1215,2,1),
(1215,2,2),
(1215,3,2),
(1216,2,1),
(1216,2,2),
(1216,3,2),
(1217,2,1),
(1217,2,2),
(1217,3,2),
(1218,2,1),
(1218,2,2),
(1218,3,2),
(1219,2,1),
(1219,2,2),
(1219,3,2),
(1220,2,1),
(1220,2,2),
(1220,3,2),
(1221,2,1),
(1221,2,2),
(1221,3,2),
(1222,2,1),
(1222,2,2),
(1222,3,2),
(1223,2,1),
(1223,2,2),
(1223,3,2),
(1224,2,1),
(1224,2,2),
(1224,3,2),
(1225,2,1),
(1225,2,2),
(1225,3,2),
(1226,2,1),
(1226,2,2),
(1226,3,2),
(1227,2,1),
(1227,2,2),
(1227,3,2),
(1228,2,1),
(1228,2,2),
(1228,3,2),
(1229,2,1),
(1229,2,2),
(1229,3,2),
(1230,2,1),
(1230,2,2),
(1230,3,2),
(1231,2,1),
(1231,2,2),
(1231,3,2),
(1232,2,1),
(1232,2,2),
(1232,3,2),
(1233,2,1),
(1233,2,2),
(1233,3,2),
(1234,2,1),
(1234,2,2),
(1234,3,2),
(1235,2,1),
(1235,2,2),
(1235,3,2),
(1236,2,1),
(1236,2,2),
(1236,3,2),
(1237,2,1),
(1237,2,2),
(1237,3,2),
(1238,2,1),
(1238,2,2),
(1238,3,2),
(1239,2,1),
(1239,2,2),
(1239,3,2),
(1240,2,1),
(1240,2,2),
(1240,3,2),
(1241,2,1),
(1241,2,2),
(1241,3,2),
(1242,2,1),
(1242,2,2),
(1242,3,2),
(1243,2,1),
(1243,2,2),
(1243,3,2),
(1244,2,1),
(1244,2,2),
(1244,3,2),
(1245,2,1),
(1245,2,2),
(1245,3,2),
(1246,2,1),
(1246,2,2),
(1246,3,2),
(1247,2,1),
(1247,2,2),
(1247,3,2),
(1248,2,1),
(1248,2,2),
(1248,3,2),
(1249,2,1),
(1249,2,2),
(1249,3,2),
(1250,2,1),
(1250,2,2),
(1250,3,2),
(1251,2,1),
(1251,2,2),
(1251,3,2),
(1252,2,1),
(1252,2,2),
(1252,3,2),
(1253,2,1),
(1253,2,2),
(1253,3,2),
(1254,2,1),
(1254,2,2),
(1254,3,2),
(1255,2,1),
(1255,2,2),
(1255,3,2),
(1256,2,1),
(1256,2,2),
(1256,3,2),
(1257,2,1),
(1257,2,2),
(1257,3,2),
(1258,2,1),
(1258,2,2),
(1258,3,2),
(1259,2,1),
(1259,2,2),
(1259,3,2),
(1260,2,1),
(1260,2,2),
(1260,3,2),
(1261,2,1),
(1261,2,2),
(1261,3,2),
(1262,2,1),
(1262,2,2),
(1262,3,2),
(1263,2,1),
(1263,2,2),
(1263,3,2),
(1264,2,1),
(1264,2,2),
(1264,3,2),
(1265,2,1),
(1265,2,2),
(1265,3,2),
(1266,2,1),
(1266,2,2),
(1266,3,2),
(1267,2,1),
(1267,2,2),
(1267,3,2),
(1268,2,1),
(1268,2,2),
(1268,3,2),
(1269,2,1),
(1269,2,2),
(1269,3,2),
(1270,2,2),
(1270,3,2),
(1271,2,2),
(1271,3,2),
(1272,2,2),
(1272,3,2),
(1273,2,1),
(1273,2,2),
(1273,3,2),
(1274,2,1),
(1274,2,2),
(1274,3,2),
(1275,2,1),
(1275,2,2),
(1275,3,2),
(1276,2,1),
(1276,2,2),
(1276,3,2),
(1277,2,2),
(1277,3,2),
(1278,2,2),
(1278,3,2),
(1279,2,2),
(1279,3,2),
(1280,2,1),
(1280,2,2),
(1280,3,2),
(1281,2,2),
(1281,3,2),
(1282,2,2),
(1282,3,2),
(1283,2,1),
(1283,2,2),
(1283,3,2),
(1284,2,1),
(1284,2,2),
(1284,3,2),
(1285,2,1),
(1285,2,2),
(1285,3,2),
(1286,2,1),
(1286,2,2),
(1286,3,2),
(1287,2,1),
(1287,2,2),
(1287,3,2),
(1288,2,1),
(1288,2,2),
(1288,3,2),
(1289,2,1),
(1289,2,2),
(1289,3,2),
(1290,2,1),
(1290,2,2),
(1290,3,2),
(1291,2,1),
(1291,2,2),
(1291,3,2),
(1292,2,1),
(1292,2,2),
(1292,3,2),
(1293,2,1),
(1293,2,2),
(1293,3,2),
(1294,2,1),
(1294,2,2),
(1294,3,2),
(1295,2,1),
(1295,2,2),
(1295,3,2),
(1296,2,1),
(1296,2,2),
(1296,3,2),
(1297,2,1),
(1297,2,2),
(1297,3,2),
(1298,2,1),
(1298,2,2),
(1298,3,2),
(1299,2,2),
(1299,3,2),
(1300,2,2),
(1300,3,2),
(1301,2,2),
(1301,3,2),
(1302,2,2),
(1302,3,2),
(1303,2,2),
(1303,3,2),
(1304,2,2),
(1304,3,2),
(1305,2,2),
(1305,3,2),
(1306,2,2),
(1306,3,2),
(1307,2,2),
(1307,3,2),
(1308,2,2),
(1308,3,2),
(1309,2,2),
(1309,3,2),
(1310,2,2),
(1310,3,2),
(1311,2,2),
(1311,3,2),
(1312,2,2),
(1312,3,2),
(1313,2,2),
(1313,3,2),
(1314,2,2),
(1314,3,2),
(1315,2,2),
(1315,3,2),
(1316,2,2),
(1316,3,2),
(1317,2,2),
(1317,3,2),
(1318,2,2),
(1318,3,2),
(1319,2,2),
(1319,3,2),
(1320,2,2),
(1320,3,2),
(1321,2,2),
(1321,3,2),
(1322,2,2),
(1322,3,2),
(1323,2,2),
(1323,3,2),
(1324,2,2),
(1324,3,2),
(1325,2,2),
(1325,3,2),
(1326,2,2),
(1326,3,2),
(1327,2,2),
(1327,3,2),
(1328,2,2),
(1328,3,2),
(1329,2,2),
(1329,3,2),
(1330,2,1),
(1330,2,2),
(1330,3,2),
(1331,2,1),
(1331,2,2),
(1331,3,2),
(1332,2,1),
(1332,2,2),
(1332,3,2),
(1333,2,1),
(1333,2,2),
(1333,3,2),
(1334,2,1),
(1334,2,2),
(1334,3,2),
(1335,2,1),
(1335,2,2),
(1335,3,2),
(1336,2,1),
(1336,2,2),
(1336,3,2),
(1337,2,2),
(1337,3,2),
(1338,2,1),
(1338,2,2),
(1338,3,2),
(1339,2,1),
(1339,2,2),
(1339,3,2),
(1340,2,1),
(1340,2,2),
(1340,3,2),
(1341,2,1),
(1341,2,2),
(1341,3,2),
(1342,2,1),
(1342,2,2),
(1342,3,2),
(1343,2,1),
(1343,2,2),
(1343,3,2),
(1344,2,1),
(1344,2,2),
(1344,3,2),
(1345,2,1),
(1345,2,2),
(1345,3,2),
(1346,2,1),
(1346,2,2),
(1346,3,2),
(1347,2,1),
(1347,2,2),
(1347,3,2),
(1348,2,1),
(1348,2,2),
(1348,3,2),
(1349,2,1),
(1349,2,2),
(1349,3,2),
(1350,2,1),
(1350,2,2),
(1350,3,2),
(1351,2,1),
(1351,2,2),
(1351,3,2),
(1352,2,1),
(1352,2,2),
(1352,3,2),
(1353,2,1),
(1353,2,2),
(1353,3,2),
(1354,2,1),
(1354,2,2),
(1354,3,2),
(1355,2,2),
(1355,3,2),
(1356,2,2),
(1356,3,2),
(1357,2,2),
(1357,3,2),
(1358,2,1),
(1358,2,2),
(1358,3,2),
(1359,2,2),
(1359,3,2),
(1360,2,2),
(1360,3,2),
(1361,2,2),
(1361,3,2),
(1362,2,2),
(1362,3,2),
(1363,2,2),
(1363,3,2),
(1364,2,2),
(1364,3,2),
(1365,2,2),
(1365,3,2),
(1366,2,2),
(1366,3,2),
(1367,2,2),
(1367,3,2),
(1368,2,2),
(1368,3,2),
(1369,2,2),
(1369,3,2),
(1370,2,2),
(1370,3,2),
(1371,2,2),
(1371,3,2),
(1372,2,2),
(1372,3,2),
(1373,2,2),
(1373,3,2),
(1374,2,2),
(1374,3,2),
(1375,2,2),
(1375,3,2),
(1376,2,2),
(1376,3,2),
(1377,2,2),
(1377,3,2),
(1378,2,2),
(1378,3,2),
(1379,2,2),
(1379,3,2),
(1380,2,1),
(1380,2,2),
(1380,3,2),
(1381,2,1),
(1381,2,2),
(1381,3,2),
(1382,2,1),
(1382,2,2),
(1382,3,2),
(1383,2,1),
(1383,2,2),
(1383,3,2),
(1384,2,1),
(1384,2,2),
(1384,3,2),
(1385,2,1),
(1385,2,2),
(1385,3,2),
(1386,2,1),
(1386,2,2),
(1386,3,2),
(1387,2,1),
(1387,2,2),
(1387,3,2),
(1388,2,1),
(1388,2,2),
(1388,3,2),
(1389,2,1),
(1389,2,2),
(1389,3,2),
(1390,2,1),
(1390,2,2),
(1390,3,2),
(1391,2,1),
(1391,2,2),
(1391,3,2),
(1392,2,1),
(1392,2,2),
(1392,3,2),
(1393,2,1),
(1393,2,2),
(1393,3,2),
(1394,2,1),
(1394,2,2),
(1394,3,2),
(1395,2,1),
(1395,2,2),
(1395,3,2),
(1396,2,1),
(1396,2,2),
(1396,3,2),
(1397,2,1),
(1397,2,2),
(1397,3,2),
(1398,2,1),
(1398,2,2),
(1398,3,2),
(1399,2,1),
(1399,2,2),
(1399,3,2),
(1400,2,1),
(1400,2,2),
(1400,3,2),
(1401,2,1),
(1401,2,2),
(1401,3,2),
(1402,2,1),
(1402,2,2),
(1402,3,2),
(1403,2,1),
(1403,2,2),
(1403,3,2),
(1404,2,1),
(1404,2,2),
(1404,3,2),
(1405,2,1),
(1405,2,2),
(1405,3,2),
(1406,2,1),
(1406,2,2),
(1406,3,2),
(1407,2,1),
(1407,2,2),
(1407,3,2),
(1408,2,1),
(1408,2,2),
(1408,3,2),
(1409,2,1),
(1409,2,2),
(1409,3,2),
(1410,2,1),
(1410,2,2),
(1410,3,2),
(1411,2,1),
(1411,2,2),
(1411,3,2),
(1412,2,1),
(1412,2,2),
(1412,3,2),
(1413,2,1),
(1413,2,2),
(1413,3,2),
(1414,2,1),
(1414,2,2),
(1414,3,2),
(1415,2,1),
(1415,2,2),
(1415,3,2),
(1416,2,1),
(1416,2,2),
(1416,3,2),
(1417,2,1),
(1417,2,2),
(1417,3,2),
(1418,2,1),
(1418,2,2),
(1418,3,2),
(1419,2,1),
(1419,2,2),
(1419,3,2),
(1420,2,1),
(1420,2,2),
(1420,3,2),
(1421,1,1),
(1421,2,1),
(1421,2,2),
(1421,3,1),
(1421,3,2),
(1421,4,1),
(1422,1,1),
(1422,2,1),
(1422,2,2),
(1422,3,1),
(1422,3,2),
(1422,4,1),
(1423,1,1),
(1423,2,1),
(1423,2,2),
(1423,3,1),
(1423,3,2),
(1423,4,1),
(1424,1,1),
(1424,2,1),
(1424,2,2),
(1424,3,1),
(1424,3,2),
(1424,4,1),
(1425,1,1),
(1425,2,1),
(1425,2,2),
(1425,3,1),
(1425,3,2),
(1425,4,1),
(1426,1,1),
(1426,2,1),
(1426,2,2),
(1426,3,1),
(1426,3,2),
(1426,4,1),
(1427,1,1),
(1427,2,1),
(1427,2,2),
(1427,3,1),
(1427,3,2),
(1427,4,1),
(1428,1,1),
(1428,2,1),
(1428,2,2),
(1428,3,1),
(1428,3,2),
(1428,4,1),
(1429,1,1),
(1429,2,1),
(1429,2,2),
(1429,3,1),
(1429,3,2),
(1429,4,1),
(1430,1,1),
(1430,2,1),
(1430,2,2),
(1430,3,1),
(1430,3,2),
(1430,4,1),
(1431,1,1),
(1431,2,1),
(1431,2,2),
(1431,3,1),
(1431,3,2),
(1431,4,1),
(1432,1,1),
(1432,2,1),
(1432,2,2),
(1432,3,1),
(1432,3,2),
(1432,4,1),
(1433,1,1),
(1433,2,1),
(1433,2,2),
(1433,3,1),
(1433,3,2),
(1433,4,1),
(1434,1,1),
(1434,2,1),
(1434,2,2),
(1434,3,1),
(1434,3,2),
(1434,4,1),
(1435,1,1),
(1435,2,1),
(1435,2,2),
(1435,3,1),
(1435,3,2),
(1435,4,1),
(1436,1,1),
(1436,2,1),
(1436,2,2),
(1436,3,1),
(1436,3,2),
(1436,4,1),
(1437,1,1),
(1437,2,1),
(1437,2,2),
(1437,3,1),
(1437,3,2),
(1437,4,1),
(1438,1,1),
(1438,2,1),
(1438,2,2),
(1438,3,1),
(1438,3,2),
(1438,4,1),
(1439,1,1),
(1439,2,1),
(1439,2,2),
(1439,3,1),
(1439,3,2),
(1439,4,1),
(1440,1,1),
(1440,2,1),
(1440,2,2),
(1440,3,1),
(1440,3,2),
(1440,4,1)};