0.0
0.0
0.0
0.0
0.0
0.0
0.0
0.0
0.0
0.0
0.0
0.0
0.0
0.0
0.0
0.0
0.0
0.0
0.0
0.0
0.0
0.0
0.0
0.0
0.0
0.0
0.0
0.0
0.0
0.0
0.0
0.0
0.0
0.0
0.0
0.0
0.0
0.0
0.0
0.0
0.0
0.0
0.0
0.0
0.0
0.0
0.0
0.0
0.0
0.0
0.0
0.0
0.0
0.0
0.0
0.0
0.0
0.0
0.0
0.0
0.0
39.0
139.2
140.5
140.8
141.625
141.0
141.375
142.0
141.11111
141.0
141.0
141.71428
141.8
141.8
142.0
142.0
142.0
142.25
143.28572
143.4
140.6
143.0
143.28572
144.42857
145.0
144.14285
118.6
59.0
141.85715
142.125
143.71428
143.83333000000002
142.75
143.57143
143.57143
143.71428
143.3
143.625
143.85715
143.28572
142.22223
142.5
144.0
143.57143
142.5
143.0
144.22223
143.33333000000002
143.5
144.7
143.7
143.7
143.875
143.71428
143.6
141.14285
118.66666399999998
12.0
0.0
0.0
0.0
0.0
0.0
0.0
0.0
0.0
0.0
0.0
0.0
0.0
0.0
0.0
0.0
0.0
0.0
0.0
0.0
0.0
0.0
0.0
0.0
0.0
0.0
0.0
0.0
0.0
0.0
0.0
0.0
0.0
0.0
0.0
0.0
0.0
0.0
0.0
0.0
0.0
0.0
0.0
0.0
0.0
0.0
0.0
0.0
0.0
0.0
0.0
0.0
0.0
0.0
0.0
34.25
139.57143
140.75
141.88889
142.0
141.8
142.28572
142.8
142.14285
142.22223
142.28572
142.6
143.0
143.0
143.14285
142.5
143.28572
143.33333000000002
143.125
143.75
143.44444
143.33333000000002
143.28572
143.75
144.2
144.0
144.28572
142.71428
143.75
144.25
144.0
144.28572
144.375
143.75
144.55556
144.28572
143.85715
143.875
144.25
144.2
144.16666999999998
144.6
144.0
144.25
144.57143
144.42857
144.0
144.28572
144.0
144.85715
144.85715
144.85715
144.66666999999998
144.28572
144.1
144.25
144.8
144.5
143.85715
144.57143
144.44444
144.66666999999998
143.75
144.5
144.16666999999998
143.75
144.83333000000002
144.85715
144.71428
144.33333000000002
143.375
143.57143
144.25
144.57143
144.0
144.75
145.0
143.75
144.57143
144.0
145.28572
143.25
143.85715
144.375
144.44444
144.14285
144.8
144.28572
144.5
144.875
144.25
144.2
144.88889
144.57143
144.11111
144.57143
144.0
144.0
144.57143
145.0
144.25
143.42857
144.85715
143.25
144.28572
144.0
144.28572
144.44444
143.57143
144.83333000000002
144.5
144.57143
145.4
144.18182
144.45453999999998
144.44444
144.0
144.57143
144.57143
144.66666999999998
144.5
144.75
144.5
144.0
143.6
144.71428
143.0
144.25
143.16666999999998
143.71428
144.14285
143.57143
144.22223
143.85715
143.44444
143.0
143.75
144.57143
143.44444
144.125
143.22223
143.375
143.0
143.71428
143.28572
144.0
142.28572
142.77777
142.66666999999998
143.6
144.0
142.42857
144.57143
143.44444
143.42857
142.42857
143.0
143.71428
143.8
143.85715
143.4
143.0
143.77777
143.5
142.5
143.25
144.0
142.66666999999998
141.71428
143.1
142.5
143.42857
143.28572
143.0
143.0
143.55556
144.0
143.25
143.5
142.71428
143.0
143.5
143.28572
143.25
144.0
144.33333000000002
143.71428
143.5
143.5
143.0
143.0
142.8
142.5
143.0
143.55556
142.9
143.22223
143.0
142.25
141.875
141.71428
142.0
143.0
143.25
143.7
142.85715
143.4
143.2
143.5
143.125
143.25
143.375
141.75
140.5
10.5
0.0
0.0
0.0
0.0
0.0
0.0
0.0
0.0
0.0
0.0
0.0
0.0
0.0
0.0
0.0
0.0
0.0
0.0
0.0
0.0
0.0
0.0
0.0
0.0
0.0
0.0
0.0
0.0
0.0
0.0
0.0
0.0
0.0
0.0
0.0
0.0
0.0
0.0
0.0
0.0
0.0
0.0
0.0
0.0
0.0
0.0
0.0
0.0
0.0
0.0
0.0
0.0
0.0
0.0
0.0
0.0
0.0
0.0
0.0
0.0
0.0
0.0
0.0
0.0
0.0
0.0
0.0
0.0
0.0
0.0
0.0
0.0
0.0
0.0
0.0
0.0
0.0
0.0
0.0
0.0
0.0
0.0
0.0
0.0
0.0
0.0
0.0
0.0
0.0
0.0
0.0
0.0
0.0
0.0
0.0
0.0
0.0
0.0
0.0
0.0
0.0
0.0
0.0
0.0
0.0
0.0
0.0
0.0
0.0
0.0
0.0
0.0
0.0
0.0
0.0
0.0
0.0
0.0
0.0
0.0
0.0
0.0
0.0
0.0
0.0
0.0
0.0
0.0
0.0
0.0
0.0
0.0
0.0
0.0
0.0
0.0
0.0
0.0
0.0
0.0
0.0
0.0
0.0
0.0
0.0
0.0
0.0
0.0
0.0
0.0
0.0
0.0
0.0
0.0
0.0
0.0
0.0
0.0
0.0
0.0
0.0
0.0
0.0
0.0
0.0
0.0
0.0
0.0
0.0
0.0
0.0
0.0
0.0
0.0
0.0
0.0
0.0
0.0
0.0
0.0
0.0
0.0
0.0
0.0
0.0
0.0
0.0
0.0
0.0
0.0
0.0
0.0
0.0
0.0
0.0
0.0
0.0
0.0
0.0
0.0
0.0
0.0
0.0
0.0
0.0
0.0
0.0
0.0
0.0
0.0
0.0
0.0
