0.0
0.0
0.0
0.0
0.0
0.0
0.0
0.0
0.0
0.0
0.0
0.0
0.0
0.0
0.0
0.0
0.0
0.0
0.0
0.0
0.0
0.0
0.0
0.0
0.0
0.0
0.0
0.0
0.0
0.0
0.0
0.0
0.0
0.0
0.0
0.0
0.0
0.0
0.0
0.0
0.0
0.0
0.0
0.0
0.0
0.0
0.0
0.0
0.0
0.0
0.0
0.0
0.0
0.0
0.0
0.0
0.0
0.0
103.0
87.5
79.6
93.2
101.888885
102.71429
103.1
103.5
103.9
104.0
104.2
103.8
103.4
103.0
102.9
102.6
102.0
101.44444
101.2
101.0
100.8
100.6
100.0
99.6
99.2
99.2
99.4
99.3
98.0
98.2
97.8
97.9
97.3
97.0
96.9
96.6
96.9
96.7
96.4
52.1
4.0
0.0
0.0
0.0
0.0
0.0
0.0
0.0
0.0
0.0
0.0
0.0
0.0
0.0
0.0
0.0
0.0
0.0
0.0
0.0
0.0
0.0
0.0
0.0
0.0
0.0
0.0
0.0
0.0
0.0
0.0
0.0
0.0
0.0
0.0
0.0
0.0
0.0
0.0
0.0
0.0
0.0
0.0
0.0
0.0
0.0
0.0
0.0
0.0
0.0
0.0
0.0
0.0
0.0
0.0
0.0
0.0
0.0
0.0
0.0
0.0
0.0
0.0
0.0
0.0
0.0
0.0
0.0
0.0
0.0
0.0
0.0
0.0
0.0
0.0
0.0
0.0
57.8
92.0
83.3
81.5
97.7
100.5
102.4
103.5
103.6
103.14286
102.42857
101.77778
101.5
102.0
101.71429
101.375
101.0
101.0
100.888885
100.5
100.0
100.14286
99.5
99.28571
99.0
98.5
98.0
98.0
97.75
97.0
97.0
97.0
97.28571
96.8
97.0
96.42857
96.0
96.0
75.55556
4.0
0.0
0.0
0.0
0.0
0.0
0.0
0.0
0.0
0.0
0.0
0.0
0.0
0.0
0.0
0.0
0.0
0.0
0.0
0.0
0.0
0.0
0.0
0.0
0.0
0.0
0.0
0.0
0.0
0.0
0.0
0.0
0.0
0.0
0.0
0.0
0.0
0.0
0.0
0.0
0.0
0.0
0.0
0.0
0.0
0.0
0.0
0.0
0.0
0.0
0.0
0.0
0.0
0.0
0.0
0.0
0.0
0.0
0.0
0.0
0.0
0.0
0.0
0.0
0.0
0.0
0.0
0.0
0.0
0.0
0.0
0.0
0.0
0.0
0.0
0.0
0.0
0.0
0.0
0.0
108.14286000000001
86.888885
80.375
90.4
100.5
101.6
103.28571
103.8
103.0
102.8
102.0
101.71429
101.25
100.85714
100.75
100.42857
101.0
90.8
97.875
100.1
100.625
100.44444
100.7
100.22222
100.0
98.8
99.2
99.57143
99.28571
98.6
98.7
97.7
97.625
97.0
96.9
96.5
96.6
96.4
96.3
96.0
96.0
96.0
95.5
96.0
95.9
95.85714
95.6
95.0
95.25
95.0
95.2
95.333336
94.71429
94.0
94.42857
95.0
94.5
94.75
24.222220999999998
4.0
0.0
0.0
0.0
0.0
0.0
0.0
0.0
0.0
0.0
0.0
0.0
0.0
0.0
0.0
0.0
0.0
0.0
0.0
0.0
0.0
0.0
0.0
0.0
0.0
0.0
0.0
0.0
0.0
0.0
0.0
0.0
0.0
0.0
0.0
0.0
0.0
0.0
0.0
0.0
0.0
0.0
0.0
0.0
0.0
0.0
0.0
0.0
0.0
0.0
0.0
0.0
0.0
0.0
0.0
0.0
0.0
0.0
0.0
0.0
0.0
0.0
0.0
0.0
0.0
0.0
0.0
0.0
0.0
0.0
0.0
0.0
0.0
0.0
0.0
0.0
46.857143
88.8
81.2
80.14286
95.28571
97.57143
98.75
99.71429
99.6
99.5
98.85714
99.125
99.28571
99.0
99.5
99.85714
99.28571
99.0
99.0
98.625
98.71429
98.0
97.22222
97.0
96.5
96.42857
95.9
95.5
95.333336
95.111115
95.25
95.0
94.8
94.8
94.0
94.0
94.2
94.28571
94.333336
93.75
93.44444
93.28571
93.57143
93.22222
57.6
4.0
0.8
0.0
0.0
0.0
0.0
0.0
0.0
0.0
0.0
0.0
0.0
0.0
0.0
0.0
0.0
0.0
0.0
0.0
0.0
0.0
0.0
0.0
0.0
0.0
0.0
0.0
0.0
0.0
0.0
0.0
0.0
0.0
0.0
0.0
0.0
0.0
0.0
0.0
0.0
0.0
0.0
0.0
0.0
0.0
0.0
0.0
0.0
0.0
0.0
0.0
0.0
0.0
0.0
0.0
0.0
0.0
0.0
0.0
0.0
0.0
0.0
0.0
0.0
0.0
0.0
0.0
0.0
0.0
0.0
0.0
0.0
0.0
0.0
0.0
0.0
15.857142000000001
93.25
82.5
78.2
95.42857
98.75
100.75
101.77778
101.57143
101.0
101.375
101.0
100.8
100.333336
100.0
100.57143
101.0
100.0
99.42857
100.14286
100.28571
99.8
100.0
99.85714
99.28571
98.833336
98.42857
98.2
98.125
98.0
97.25
97.0
97.0
97.333336
97.0
96.5
96.375
96.666664
96.0
96.0
95.57143
96.0
95.833336
96.0
96.0
72.75
4.0
0.5714286
0.0
0.0
